50480
48946
36501
46192
44698
35419
27568
26820
46393
24822
39277
37903
26309
1006
36106
50506
50525
50540
25140
15424
38418
6
15787
45927
26287
47179
49008
7201
27439
46493
45354
47029
37484
26314
1930
1792
19734
3551
17261
44810
15828
50183
49604
25773
2473
25588
49729
45724
44840
25665
1915
48940
35655
1733
43489
35293
47296
26736
35271
26826
35901
34736
49672
1050
15736
48785
13914
36368
36955
49654
1938
36651
44956
25577
4436
1034
26726
18113
35063
52237
36778
38645
10920
18535
44972
36146
46832
50277
46194
46540
1164
26116
45857
48846
44860
2227
46281
31600
17910
36356
26432
35643
48535
32731
37562
36838
46294
50740
26475
201
45397
38352
36665
26858
412
36836
28043
2544
45477
48655
46050
37029
1577
5595
35342
29278
31270
51179
2223
50091
3262
36415
7227
37094
50941
3393
2228
39683
50332
23623
48038
18673
36973
11250
26930
5533
4082
26716
7254
3216
27416
3560
26899
6901
39031
684
46211
44377
3848
47329
36063
24820
1530
21101
48700
37094
36780
40320
51714
44786
41487
27330
25716
52106
47114
25815
4530
4462
51291
50837
1757
50651
46850
35923
30857
14793
1862
48152
49706
27303
18567
37167
48012
49066
36842
49748
50822
47749
44815
37169
49823
45404
26708
52041
49854
8382
2189
26668
46164
14580
42897
195
49288
26363
44931
47338
49408
49271
47030
26354
4086
35214
26418
47240
37119
44969
46072
25744
38665
50585
44696
37007
45304
29596
1830
33137
50652
25285
31523
18027
49028
25717
46249
36972
678
30379
45413
48974
27380
34099
36845
35374
36484
4159
14656
35233
47027
51994
48937
50844
45775
1030
28020
25821
7263
4584
5481
25081
45936
50049
46326
47019
6701
7761
7281
36709
49320
36168
38497
49088
36551
48213
35211
35351
1317
2811
28875
35180
36018
17902
49740
50200
4075
1562
23659
35594
35291
2004
37186
17424
41860
4292
17445
45445
48867
50484
27850
26738
37305
38878
35887
25683
47951
36370
11496
4509
26357
27574
45124
25704
4119
36509
50603
47350
37130
32599
31819
35570
47851
50140
26253
48173
51059
5600
35297
650
3778
46339
36924
1196
26382
1958
49638
166
2908
36927
1905
51802
25424
13164
7327
44768
3312
49407
37059
49367
4992
36620
2134
11639
48646
4471
44833
27473
25828
46863
46293
28026
36930
51574
46331
35145
44999
50472
49623
4561
14630
7097
15769
50759
460
49714
51618
47106
48906
15700
26580
26148
25611
48867
31815
1405
17364
11037
24905
47023
14775
2307
35156
1302
23395
46678
49273
4160
14173
51191
44705
27421
2618
44414
45247
51287
36507
50713
25913
48717
27723
48606
49647
50898
17595
45043
47323
32942
35089
36378
50954
45562
15735
3614
33402
4605
4716
44874
28088
2940
25624
30726
432
2591
27348
33268
28319
46309
47156
25457
35620
50973
4725
47897
2561
51024
2633
38340
46181
47096
36130
51219
36508
1305
1620
51685
34719
50096
38781
50963
37712
5526
36219
52269
46355
39040
28033
3666
49668
34263
51270
49580
48962
43959
45669
37259
50195
17491
31857
50406
44746
37571
31169
50238
1165
772
2634
35150
45069
49987
32851
4347
49595
3948
17567
1134
5643
5512
45716
38158
4829
26318
36541
27724
35398
4649
26804
33055
49710
17454
26529
46848
24695
3624
47873
103
13643
44831
39577
25976
45444
887
2720
46972
36231
46400
35304
27548
31328
24313
50089
27698
1698
31326
18460
50293
48709
28249
50627
38153
52046
29283
26369
49985
35605
3622
488
50951
35084
25824
24002
2990
36179
50377
50962
50642
36014
47764
2589
3833
35491
1229
51174
1377
47008
7218
50260
2991
39891
1049
49953
46296
35457
1343
3629
25890
26482
33072
49736
45675
47271
2870
52252
24269
45237
49266
35228
45755
4604
26124
29289
37255
28872
26064
25565
43704
4222
45880
15706
45436
48852
584
30748
8982
47451
27397
27077
1470
50382
35549
26249
3543
2249
48936
45463
50035
29108
27149
26587
16880
35352
15696
1743
1624
794
44916
3921
26214
25687
35225
26172
1954
49017
25524
11492
26819
38182
22679
50412
1329
48916
26560
35943
51797
48206
51192
49293
49435
4510
3852
37427
27267
11567
50063
25677
36405
3398
36102
50759
50207
46897
3531
25475
1347
28228
540
47225
48608
36732
44899
46997
3048
5528
2968
41383
35322
4396
45715
50453
38989
46496
47937
52434
770
50446
25561
35899
48106
46467
52032
34382
3280
48923
48901
4106
15744
13537
32029
48609
51700
41517
48791
26326
37591
37173
37352
3658
130
2199
49166
25529
41236
5602
25662
26650
14300
48699
2408
47035
49969
28141
44901
207
3686
4683
52226
21920
34863
31722
37338
46609
2961
14737
32010
26060
48695
48316
2216
7810
41919
50164
49962
25955
18414
1517
49256
51225
48636
27300
46377
45893
45012
7246
49078
45341
26836
49600
25547
49840
44666
45435
3341
46856
3183
6108
45670
45274
27174
571
47491
44921
15835
51658
4516
51010
14338
35973
46251
51954
50234
4341
35447
48895
49645
23956
1794
3859
4277
51105
50673
49225
27398
1183
15688
51635
14643
20795
44859
49425
46421
44814
35525
46193
1249
26289
27498
39309
43922
1410
43799
49262
46834
47227
30365
3258
47194
35433
26627
46933
44997
46230
27175
47224
49683
39262
36023
26115
50777
47366
4479
50855
50415
51005
47683
35554
17500
1379
20289
50432
1402
27122
26501
42793
1707
15811
46487
41497
38858
27327
51113
1198
5470
48299
33333
46333
37028
36563
16132
36713
24911
47234
37179
48050
40181
35405
27636
46005
42653
44742
52509
42558
50230
3866
51997
27999
27590
37109
45685
45010
39549
1645
46086
270
2869
28777
43025
48808
36298
1074
17492
49208
34856
7409
49227
14131
27251
46413
26269
35264
48107
36342
48476
49207
40330
1758
29230
21275
49723
1310
49409
24172
3091
29128
4258
36093
38425
24732
51855
49590
46905
50778
3945
49957
1848
41474
10666
4192
52104
4523
46000
39680
35608
24779
31615
2270
37098
26451
15042
36682
48736
4235
28147
36015
35730
41558
50439
39575
35598
51074
48884
35715
48640
3936
14779
27712
1175
38499
11186
27442
142
44651
27658
32100
15827
47268
35378
35503
9646
46093
27993
41480
49458
46481
50309
26834
36191
37076
49558
34435
25725
45092
47368
35711
27571
3119
36516
35565
3664
48312
2052
38906
49559
46372
1602
44927
45660
34352
39156
17643
1795
36884
44988
45298
51048
45046
36810
31777
27284
36816
50417
52003
2846
2404
35235
48146
1452
45808
45438
3007
38003
2513
35760
27468
29113
35743
49526
50302
29583
37823
49926
14981
26365
35131
45564
36422
46236
48837
4685
2050
18697
32569
50863
28896
48928
29299
36268
46032
27285
35176
1454
27637
25543
47141
45374
27572
26100
50117
14591
26167
2253
49223
24456
39363
3684
4609
31859
46411
3109
27350
14570
4803
27515
2501
36048
16433
2877
27595
51578
46812
45947
45058
41463
8197
33858
27469
27627
15806
45678
34597
24295
16277
27042
47815
48551
48059
25847
32863
1178
3649
50986
35095
25660
36279
1273
14061
35040
3307
7972
1940
35213
49055
36121
26561
36375
51295
42977
37212
3832
659
23207
27256
38986
46715
27353
7061
36929
46703
972
50914
1238
46030
48861
44725
44778
26526
2154
42093
16219
32473
35837
27497
26788
42492
25975
41264
1956
45373
37357
49358
49239
7249
51282
21670
50870
36606
46058
46241
766
24900
35883
43801
49081
41795
45381
1435
47821
27649
37062
31093
1333
46047
50265
44884
36569
45412
35124
35372
48252
27770
26856
8
24916
28247
50221
47046
14052
14780
3688
50129
45688
31055
27274
52185
145
49657
36088
50423
43999
45320
37588
25625
35168
36069
45191
36259
26931
50119
7334
36196
41990
21349
29587
36183
30967
51302
27266
1488
35540
38600
27202
26964
5578
1622
50362
50805
50270
37735
26885
48848
2026
35406
27492
11094
2795
984
52306
4497
36358
2982
40894
48140
50097
26895
40241
27481
47336
26407
169
35404
47344
35769
1935
26567
27981
27535
45002
27233
1066
36337
45037
50138
26724
47753
45106
35524
49893
26010
49347
51242
27263
49632
3954
50800
49834
4084
47507
26271
36300
5916
46999
36433
50662
45291
45120
36984
3590
46390
46348
4031
1307
4298
17984
49899
852
38102
37069
35142
35514
36831
3232
1202
31059
37203
39747
46142
47841
36916
44937
44736
31853
49621
50291
46588
47090
46801
50591
47279
29592
46444
974
39139
48942
46847
48775
27107
3867
28617
5435
45011
2983
28648
9695
35122
48010
48067
50508
1604
40591
44715
5580
26447
48474
21413
35074
38937
5453
48845
15729
46425
43512
50926
7102
35175
47876
2809
45142
49070
51202
46563
49095
50318
48863
47023
27985
5573
26015
1450
27751
46774
49999
44660
32730
2299
45449
46014
26913
35282
36506
46297
5577
35042
51101
8090
48530
4559
27292
29003
4353
25724
1854
26813
47297
45572
45279
45362
582
47343
36727
3570
25916
29801
46105
26636
25462
36636
50321
47945
45144
45743
40407
2631
46352
47960
36910
27727
35035
3138
2999
51210
3656
3339
32862
43482
30407
13240
15725
25570
37389
25429
35615
45260
48208
17005
4117
36319
4198
1850
36059
27778
50338
17418
38531
30340
50468
48994
44982
15719
36356
46728
51087
46419
44650
36419
49110
36904
47742
1608
19730
42647
46833
41253
245
2236
5563
24033
48725
15157
46472
51834
158
2224
27477
4827
27914
26386
1288
50917
46040
46647
47744
49712
45319
9750
50968
45202
50545
46919
4623
2318
49522
841
17226
42997
35267
45717
37071
49761
47160
44793
45878
49210
5996
37070
4044
48456
37275
2210
50562
35688
39734
49332
23798
51007
46880
35940
47260
44845
47129
1161
31898
27931
3029
946
49724
4201
40578
14574
50743
27307
47054
51265
48331
52505
46553
4433
21810
47228
46042
25735
28133
51128
18339
45570
1437
36448
51147
49022
45252
48840
49362
29137
49317
47443
26892
46516
27828
48651
51137
3019
38758
1116
25663
44904
25898
14652
45746
49812
35795
36467
51841
35880
38640
4485
3251
49289
523
2074
30709
39594
36554
364
27934
7938
2286
30391
35725
31774
32294
35243
36421
28367
45826
1654
15746
51054
10949
49578
8846
49927
46842
50586
36112
36724
36190
51822
49079
44883
49517
36962
46541
46039
46829
254
9470
2393
23918
24132
51224
48714
1507
27295
2079
37073
1911
2901
45606
3210
50475
40538
51178
50641
28812
35593
48886
49314
49124
27449
29453
50602
26599
50614
1746
43
44741
36789
50734
1464
17542
49704
26978
847
47070
2933
37171
37228
27617
7282
1026
51182
47188
44723
35263
27046
865
51968
32871
36947
28326
42865
5490
26182
50058
46378
17449
2922
52274
25640
46165
45171
49645
46998
3396
50131
1533
5477
47197
36228
1374
45974
39266
45361
4006
2312
2483
44809
38167
7270
50026
49212
47784
26986
43860
28830
45921
49489
29269
1069
51244
45854
25714
25427
46952
4104
51206
27319
35448
50682
45199
36767
50457
45290
5572
51699
46354
49895
208
32704
49494
5516
48724
50143
5561
5462
38000
45656
37206
45009
37992
35076
26487
49468
45686
51147
35194
46577
3066
35093
25618
50489
24301
42598
6153
46831
28490
26247
49634
50654
3824
304
45411
46244
1046
31823
49945
4615
4162
28201
35215
1358
36137
26796
48654
11481
31956
42984
33096
26302
3760
26689
1942
25862
52395
50040
48782
296
48142
45240
48120
47034
44824
38304
49817
50201
49012
3310
3036
17625
47079
27525
49112
49190
49107
50229
8342
26199
50849
15197
45032
32295
24712
50706
3278
49306
24467
31113
25645
3390
27392
49494
27489
40256
48230
38978
38898
25616
39558
45153
1207
880
25651
4721
51092
38891
46501
3184
46338
18607
37175
51034
5536
27299
27181
29109
44060
52455
3329
34339
46186
47987
4327
45366
29345
46677
50106
47095
26901
48318
30722
37199
49062
41656
36161
51434
1801
50210
334
41782
48908
52511
50319
3120
51826
51917
51053
49639
47750
26297
27044
36580
38935
2742
27069
37048
36821
1931
52452
600
2071
46223
25952
36967
36829
1896
12614
32247
44835
15193
14091
1590
36528
15701
28273
743
20063
50011
1653
35356
46085
48720
27747
27060
47280
44813
46431
2806
47391
35270
51268
50638
38879
50774
36497
48531
50064
44657
26327
1167
27490
52217
15120
45421
26478
51263
1885
48630
51154
42548
44738
38136
51466
44747
2793
50791
45433
46544
25980
1615
26070
25023
5848
25807
31904
2774
36678
13811
37574
36575
24803
49734
34154
48811
3591
29934
40344
45308
15739
49400
49573
39974
36694
35053
30807
26690
41073
25521
30569
50857
24541
27407
7283
37486
50779
8487
1919
12999
1140
26744
2618
31948
36500
50515
51046
39272
25659
4434
15673
49950
46498
3809
51077
22302
42210
41711
7312
35391
21966
46645
46099
46568
561
2540
25569
32145
17461
48099
50959
17665
7290
4367
13718
2024
21437
44701
28063
48711
36201
15754
26465
36372
51006
35511
36470
16319
49610
27542
49709
1459
49670
27117
33351
38420
47933
35526
49098
7010
44409
42381
46104
50114
4647
7016
50331
48127
46035
36355
50668
36198
43698
50821
51766
9478
49069
21833
4505
42801
47849
35424
37176
35602
28667
30668
22528
25392
36474
51315
45233
1239
1698
43742
49252
1380
4387
4066
26868
4603
45504
31734
32980
46565
49351
24859
3044
148
4103
19672
48039
45223
37229
36450
4293
48648
27387
26376
3133
1953
47765
50555
50088
35550
51325
1182
1595
19853
4859
28125
24305
2566
35181
4776
24100
51992
35722
25638
46183
11588
49417
2162
46373
48020
25589
51171
49052
27474
49360
4357
34436
24745
707
49349
36505
45215
49666
49151
27559
30578
19215
26723
44694
45627
50687
27411
48817
26555
35629
35915
26231
50249
1224
47301
956
21304
37558
47604
36442
35216
44680
35335
48868
19166
2338
36032
48788
26434
41855
256
36883
26851
46221
726
734
7064
39203
3078
36156
25559
46707
24433
47370
36499
20704
23041
46611
52385
46044
37017
25848
690
46275
27140
48763
38458
51872
26658
29552
5562
10614
13841
37286
51293
5596
16994
15876
26867
50589
33202
36980
26040
229
44690
255
47900
16278
46954
51976
46450
46635
48900
41163
16264
51123
45567
36520
46269
51309
49030
20931
32426
33647
33244
35393
1448
47756
46396
35959
51557
3771
44964
960
172
37263
50864
26446
50516
42388
28791
1372
26484
49689
36541
918
36623
19660
45690
37063
825
51275
5354
50771
45647
950
25968
24870
36598
3765
36685
11490
4052
144
27185
50535
3026
27004
3546
49599
27375
50166
29791
313
35417
36209
26291
25603
3857
44877
50694
48870
35698
1872
26767
46883
34599
46927
9795
33024
2288
45555
48948
32268
25966
26172
25673
25664
35252
27457
2984
1326
26414
3282
2536
227
46622
49543
35408
25852
50492
41204
31900
2876
44977
51132
46617
46994
46320
46733
47093
46898
1943
1153
24038
36125
48800
50747
24956
50794
48110
52285
25895
25698
2977
25950
27419
26544
35198
36597
48953
48988
50717
28278
51149
50607
4162
24303
47724
50116
45677
46425
50378
26391
26824
36889
4264
26968
14551
45940
25416
37042
36365
49119
25733
46894
45783
14105
4348
5519
26265
2018
3020
26085
35101
47729
31076
3815
1013
30631
4421
156
48941
30293
50868
3598
43910
47134
2665
8513
18558
34103
26802
19024
52014
26790
49605
37761
27420
51900
15233
50617
3544
51318
45086
35380
2187
50235
1735
3595
44807
3267
51188
43929
3862
49939
30947
26596
25621
48758
15727
45395
45389
10756
37023
46625
25900
51067
49177
45749
165
36662
35161
50292
40532
38977
38716
49543
46769
7326
42802
35250
1011
46754
24271
13574
1133
5229
1480
996
45314
45973
46012
26948
2792
45359
828
45663
51533
4023
46364
51232
27316
36799
50134
10600
7308
28384
50297
23282
14663
37156
55
43621
741
171
44892
35096
43727
30888
38968
49663
45643
1472
27451
17417
48950
50103
4449
49686
3778
4684
45881
35169
3649
27972
4781
14151
26989
1715
37324
50424
49751
2303
35426
27289
45480
14636
34325
32030
37071
44806
3555
36349
25794
10710
17899
47527
36644
29271
25382
35911
35355
45641
30884
49844
27355
49638
1661
36695
47870
1614
27340
47626
48889
21445
45188
35651
49057
26597
49164
28955
51922
45018
50330
36574
27247
97
46495
1692
25430
47575
46841
38528
27047
38951
36773
46454
19001
46074
16362
14600
46742
32818
1382
2741
46590
26466
21694
49002
37074
4337
45469
47290
24297
36377
3592
48678
49937
26607
26112
36596
26865
47185
50355
15728
8655
37115
46004
36886
49045
51255
727
50122
14645
46817
36229
41803
49539
26511
36657
35593
297
48792
35605
1247
49581
51160
4271
29319
44906
46872
47692
46702
44888
50232
17756
24299
46043
27361
14518
11285
1592
26924
51656
50524
48236
21375
7274
45783
50405
4508
27897
44928
27653
49153
35185
50790
1294
49054
35368
35288
31901
652
50395
1446
45998
48894
36483
7199
51070
50894
50505
25881
45225
46548
44785
37843
50812
50131
48997
36194
15807
50342
49614
49902
36389
37085
20522
45094
4012
39585
1908
3310
15698
47074
1181
28
26027
3286
35033
35300
49589
3372
26128
37155
27930
50339
51665
48833
26616
25619
35177
36671
2565
48929
47733
47281
4616
49309
49659
2306
35801
49748
51217
51515
45129
45410
45255
37977
36327
1345
32148
51139
46075
33803
2975
47632
46729
51271
4371
35917
27569
4055
28782
36354
2026
36110
2667
46453
30298
45407
45277
45523
44695
37216
3268
21372
4139
4391
342
27277
20294
46174
51055
49213
44729
51058
26123
25146
26479
29970
14534
46366
37222
40472
42499
36118
44792
35253
5523
46533
3016
50470
976
26535
12642
21483
51090
26622
35580
38961
47175
35068
2909
51125
45270
48279
25674
38947
47138
5533
42283
36826
35792
46363
51075
46914
26960
47348
49426
45095
47483
46288
26034
17438
44902
26345
25697
27279
48985
15781
42701
5571
47300
38881
46552
17498
6976
48890
167
45676
47219
50853
36514
36712
27019
49007
35595
1191
35359
26506
35974
38948
51828
47068
48119
45521
35971
37274
42220
50703
35460
36859
50059
3351
2512
46304
26999
36815
45170
4325
49073
40817
27278
3075
35728
51100
38530
48968
1416
50041
38780
25981
295
5579
46675
43164
47822
48815
1059
36100
4100
51420
47052
25633
50172
26273
50045
45635
3155
26870
47208
50044
493
44728
52076
49537
37114
132
2987
36784
26771
45633
38970
17519
15763
29965
11168
630
46419
47446
29559
51559
34604
44663
298
48754
49481
47180
20822
46101
4425
46203
36843
26008
51985
36504
49865
25556
14560
51236
35780
1230
24757
36493
51039
26864
3034
50480
27193
35265
17488
25958
37197
49174
48248
20918
36996
46519
21432
46009
5515
15753
35635
15738
36506
15726
44693
26887
46053
7285
29320
2713
31258
1564
36426
36837
37075
14797
27662
44709
50192
45621
18692
27660
24902
29579
46061
48915
4477
37185
35367
2936
1557
7291
1191
51916
26848
472
1810
307
697
17486
20137
50947
45403
41425
25696
50766
31100
2333
50566
332
47042
43438
51045
2494
35034
887
14615
49052
9539
49701
36229
21431
29722
50634
5535
2141
49849
25932
45983
37001
44682
50251
3858
35739
33068
1257
39894
29683
26552
50398
27713
45363
23674
51702
45586
29198
36828
51229
35757
1649
40829
46689
50908
26045
45083
46370
25994
26072
47136
27694
45701
35297
48666
51769
36683
39711
45402
50054
35519
2660
49321
4793
47181
35844
31965
1409
194
49792
45420
1193
36776
48195
4478
47313
40447
45586
26236
37037
4967
36178
24672
45369
35191
45176
47274
45434
19858
46437
17490
347
49061
1375
49984
35590
47707
50344
5521
51286
44850
44913
50369
50217
45118
3395
723
27763
18263
25438
306
1230
25650
33506
49698
27126
27738
49395
46499
42635
25508
3334
2123
27258
26854
49066
3533
27862
27548
36760
4142
26677
1007
51239
45996
48043
47362
36074
48887
3039
21454
47195
36866
48990
40225
45194
48572
1691
37695
29355
36416
49794
50895
767
52187
16242
31036
1681
48658
27837
11323
5921
3545
26067
45263
36975
25536
32668
25956
299
49116
45728
35357
50032
25082
1368
46546
3117
38603
46624
30740
2028
35682
51068
2514
43841
26969
46011
1332
49260
15774
35266
49860
36322
36151
26299
36833
46920
8707
36459
47523
2970
27593
47205
2474
46298
15759
38439
36214
4595
23335
46566
44873
45698
47066
44744
17880
35585
35246
2293
48971
24330
35855
25551
42813
50427
8359
45339
1404
26812
27684
7013
14393
45051
25990
46909
46011
36794
52191
49437
17523
46232
44343
45709
27167
2208
41896
37282
45484
17511
49218
51313
45998
51084
2144
3003
44858
50833
350
49337
45342
23002
36855
39237
26218
14899
37971
47713
3176
4379
50426
23552
4300
35416
25622
47438
40257
38805
1457
49744
50525
51939
46900
27020
46815
35922
36803
35166
38836
1961
4773
50378
50719
1846
27537
31133
28245
51021
24293
27563
25464
27388
26404
50590
45773
17947
46188
10076
37320
17222
20233
2201
35794
35284
52272
50808
46889
46650
45040
14781
45135
1803
45699
1985
7
17576
5487
51344
49029
28330
94
46041
26189
18493
1785
48364
12593
47113
50657
2219
26226
48818
27200
45459
26902
49960
29690
35248
38459
9517
2298
1166
2954
35148
3029
27596
26750
52065
7005
36754
48945
3285
10750
49659
1754
4182
8403
35931
9721
44819
41992
49178
46857
50668
48713
18693
7323
36790
2941
4015
1378
25675
47462
46414
46271
3767
25528
35566
30296
17464
969
43442
49730
48770
25692
26351
36080
49944
35506
36881
36363
18526
28904
46237
49446
52325
47504
49329
25652
37280
37134
25537
29733
45935
51141
13534
45079
2290
35969
49193
46434
27121
2570
36134
3899
21504
47390
49959
47738
35666
28292
8338
27562
46800
45107
48035
50637
37054
2498
25329
666
42502
42197
4443
3721
2489
1927
45241
438
29520
46405
35905
48949
36343
44943
35761
43452
7321
51617
51401
35575
26626
37170
20817
46989
1969
51951
35984
49609
48814
3363
41654
51073
37076
7310
50983
35983
48164
15728
4095
45351
1180
47617
50204
3392
25414
49379
9271
49143
45655
47556
26450
51047
46436
46688
26704
35414
26235
15810
5867
26299
29089
7170
42899
51213
25662
36307
25639
25805
39674
47308
40213
46159
5568
46335
46788
50910
52115
3260
28640
46157
23304
15695
27745
37223
4784
49796
49099
4821
49841
48400
44719
48529
27403
2757
39422
44941
6179
15196
45257
28216
50466
50020
10523
5724
25723
49598
45193
50449
28933
26000
1939
29358
423
26784
3939
35533
46130
3000
15430
49680
27527
45254
39479
26360
42142
46838
14005
39435
4136
47246
27570
2835
2931
1160
954
50360
24309
2599
44680
45592
40009
51088
17216
4609
27052
45928
6134
46634
25713
1973
1884
43380
35389
48674
5623
49001
48696
50735
52426
27424
51019
46129
50418
49929
36796
3811
50609
45778
33007
32902
47624
36994
950
27009
26927
25748
4397
12302
45084
50892
49182
42725
45375
48691
47481
50677
26623
25546
45425
46219
26395
27223
25711
47269
1489
44834
51462
46327
46230
14596
27623
51780
36105
39041
46825
46279
27552
52071
36931
47305
38562
35522
36600
36701
1266
51850
35764
14587
45027
50842
31461
27514
2724
31874
51098
30706
38374
459
46280
1070
18683
41590
48183
51257
26542
51001
50198
36305
782
35046
46640
46695
27456
25882
49119
49741
1720
1736
35707
26507
45053
1881
49770
32985
45432
51441
4442
45210
3095
44021
35236
48719
4452
49091
27287
35341
31723
1475
3641
44830
11444
8499
14796
5556
35283
6146
48689
17410
35541
44702
46408
1370
25707
4033
27182
35420
48670
51607
50659
9241
36444
188
45658
26800
36738
49284
36054
47892
4057
43781
36896
25519
3925
51169
7104
28376
35716
26220
50930
19139
37316
42871
46587
41724
2033
36689
50430
1980
45433
46925
2089
18818
31719
49170
37276
27426
13572
5998
47325
48136
36704
49702
21167
45333
25412
49292
46060
48547
45416
26495
35692
49364
45141
46595
28815
4079
50841
26835
50755
51032
36403
50473
49149
6185
51227
25594
35404
31549
36455
36981
46828
13357
45460
30763
43859
1657
25553
99
46537
26275
1353
48732
7201
51404
48847
50475
8446
27500
51807
50496
3563
3670
51295
50374
51299
4424
47082
155
45348
3532
7231
14482
4394
36141
36690
27357
2221
49930
1731
31588
2285
37140
48805
36720
33969
48427
16543
26787
36256
39060
1623
15687
47963
51547
15289
50807
5485
50044
36351
27236
1891
49003
50819
45868
940
44937
43652
50552
52110
47479
45100
50024
36919
45358
17395
45081
46463
39273
4692
27906
50910
1614
15681
26282
17431
50804
51818
15843
36846
37594
51982
970
29628
47128
47145
261
4698
40579
3082
49591
52255
46019
51205
20062
16303
234
46308
45995
2125
49132
45681
1640
35328
3955
1036
4441
37014
49949
47955
47020
36220
44979
47023
38703
44655
2820
2709
48957
1321
27490
49334
50851
50945
120
213
45602
46785
36667
26891
10198
9677
45708
704
47162
774
14577
3863
35087
26329
3345
45758
46735
28709
27415
35512
2946
21416
35268
26685
35487
25871
7112
26963
14727
15771
31574
14140
50224
50384
27050
31186
27394
37024
34447
21618
308
50761
25714
49146
50938
3002
4037
253
50999
51590
51696
47517
24830
2964
339
1923
28282
25969
50418
25972
45259
48779
48123
50595
35529
45472
35287
48705
37829
5560
27588
7530
32995
27472
28110
50920
43684
3634
35573
28259
7009
37677
28409
25632
38965
49594
35390
49257
41595
36839
7245
416
46902
45115
25615
50758
26502
26649
36822
2997
33353
27184
26029
4717
1044
25676
52302
50242
1576
49975
36664
37035
9802
45016
25200
49224
51249
36569
45271
35908
7439
45318
48745
40543
26237
8445
47024
50123
246
23375
1713
3
50884
36517
24891
35987
35038
48960
2510
50332
35591
3632
25750
2856
44918
36224
48053
35369
48938
52257
48882
45614
21562
51650
28349
45011
34242
50196
51104
39458
50262
44848
17419
17668
45297
4190
50363
51166
36139
25986
38942
27458
27496
25817
25399
30353
35272
50322
35694
3633
46132
46389
30747
24737
26277
26993
50499
46013
47238
25451
49141
36928
27476
24754
22799
26542
40943
44705
38532
1693
45892
25875
25254
2929
1586
19918
48766
7130
50521
39768
36793
25273
51218
4268
27980
27132
4457
35896
29223
24917
36332
49063
770
49556
35577
25653
50510
45671
50650
50063
67
50683
46809
38335
2535
51038
24275
47868
1079
47571
536
26604
25918
47919
4730
14786
27290
26547
48963
35234
37139
29260
25825
44780
36540
4709
50456
20681
48121
51312
50616
8073
1297
35589
44962
45076
29527
49265
1782
49501
4748
48969
2847
15131
47639
50667
27092
2839
10550
47271
36154
46684
49114
45238
26186
15220
35407
45537
43270
24960
48961
739
9672
45812
36013
8003
15784
38039
46653
28087
48525
3461
7713
36615
37044
44422
46750
50039
36918
2256
26612
3355
595
28624
1290
46980
2205
25887
3259
38326
36869
7325
35543
47824
1936
27932
27958
11563
38907
45948
47388
45281
36936
3941
4505
44130
46208
4089
29254
25853
37058
49684
48707
15718
26967
52153
3586
46386
27448
35697
3672
4719
50919
36820
50283
50491
1959
1729
35177
26919
1420
3662
45360
48956
50214
19677
38358
47060
46128
50531
44859
1388
49297
12334
1777
30309
36122
8522
50247
25125
46524
35656
5517
35415
49220
7259
50437
3661
46236
26615
14925
15768
44817
45390
5209
44994
50061
907
48132
50536
2878
5500
45644
49886
45345
25870
52101
3114
44717
1967
27187
44987
44929
17404
14788
9490
480
14746
3931
45293
35207
1272
35647
37135
36522
42688
25965
25450
44772
51121
2584
49850
51562
37296
36703
36172
51582
38694
35178
28396
49017
27945
3381
26886
7226
2944
3335
35822
36564
48865
44689
49174
26664
17420
303
35085
50315
36850
26719
46584
1593
47135
5565
46478
48191
45618
36629
7266
33975
47637
45439
35696
45020
14096
1860
5665
39194
48706
48691
50213
3353
7300
38802
51908
45162
52411
3269
46469
48134
29442
49712
46391
50168
51691
45580
27243
24093
1704
29875
38452
50425
51411
4164
2727
25671
27625
11695
48776
47349
26951
50416
46141
33314
29859
48240
51094
27373
37527
49059
39145
13944
37202
35221
37919
45721
50590
2147
17478
37041
37840
17465
33818
37584
25765
17994
48029
31616
24901
51089
45485
26083
35230
35145
37106
3579
2334
1659
26757
24459
27303
50288
1588
45540
1278
25902
36004
8642
45894
47276
25582
24317
47309
2978
36379
400
1627
50593
44756
4422
45203
11040
1135
5946
26862
43817
27144
28785
2319
25812
27170
51180
48065
46482
51036
47324
2505
46527
36804
3890
3843
36626
25875
35870
810
3283
35938
42982
35885
35987
3603
44879
49808
27663
2844
36736
11404
46854
50500
44712
46589
50418
15159
50368
47314
49309
7294
27015
32031
47904
45140
26359
25567
46766
25422
49948
46372
15441
45355
45998
50440
35920
27486
48622
48721
16682
50467
2789
23773
4267
24273
50581
49319
742
46103
47940
2317
19110
14289
48773
2204
46754
28387
46375
52141
27845
47802
49167
26765
49828
47251
32908
46265
48879
2855
36631
3281
36009
39669
47330
3005
37209
3249
51076
27377
4328
27454
34027
52459
1099
41376
49561
38847
51469
44954
36329
29351
24748
1301
26883
50607
35287
25936
45885
25644
1125
25971
50052
32964
47949
45900
29255
45327
48229
5543
33042
3772
18598
38744
44857
49304
35992
26534
26740
1868
44805
45369
35249
15707
35970
37051
3347
26476
38971
38741
45347
18187
50918
1151
52454
2176
36923
25733
42666
45711
4091
14765
51727
47108
47055
45500
29296
531
1674
7724
46311
48642
48653
19036
29021
50905
25743
44784
49067
17585
47777
27205
25802
48855
46445
36471
35856
45003
48771
35588
1673
45300
49233
146
46248
50621
50447
906
47357
35323
36218
25609
51296
49131
1010
1244
573
26031
2991
50944
25934
34029
47412
51678
38466
50458
47213
41576
49765
51031
29836
44754
26228
7199
7304
29372
10806
27276
50341
45671
46343
27304
1933
4013
45126
14626
49654
46172
10719
14743
25650
40688
15748
49381
49301
2477
45275
38659
45531
14049
51847
10673
46958
26041
45323
2994
26512
1105
7715
51899
49187
50478
47783
302
50889
24947
36659
26792
31605
14127
49626
27520
51920
35281
760
25390
3601
47807
3354
1144
50783
15732
44898
46504
27199
5221
35606
27067
45752
48327
2805
25885
16999
1926
35045
26388
3587
30090
51772
24311
6706
47252
47040
6195
45072
27591
1500
36902
3358
48831
46581
1338
45702
35700
5052
49420
105
45777
36921
50509
50333
49204
50553
46580
31940
26497
27374
27395
15664
38328
3645
25656
25701
15925
47283
36235
14956
33309
44711
25781
33335
7953
25802
14716
3585
48553
1753
50027
26893
44740
26608
5499
4372
4814
48867
413
26071
51830
47431
19698
48759
24184
2206
27967
48348
24436
20692
4823
5624
1017
50136
40520
344
26244
49004
35597
28314
45568
45926
35718
27048
46198
4243
40583
50379
310
36212
1246
43848
39312
49203
48274
49180
45265
49611
49520
32738
58
6852
33265
2191
35712
2816
724
30562
27385
26312
4224
35642
49379
44930
36597
4025
26557
36135
1498
36313
50929
13579
49195
50092
51245
17274
2276
4562
27697
36381
30771
25431
44915
26739
27466
47221
41793
7171
1053
26906
42831
35709
36434
36841
49747
45657
29923
37056
35077
35317
51027
15851
1651
2989
45276
47578
40272
51914
36360
37068
577
7098
44816
17217
3380
45128
36010
35384
14516
50231
680
36519
27668
36127
39735
36382
45883
14535
14588
25641
36694
662
15710
37281
50806
27096
47965
36821
43599
49406
34125
38400
40310
25594
29041
30327
29320
47560
26942
28558
25736
28076
48767
818
37387
36587
26204
48688
25945
50583
46244
26320
27565
46515
29942
13823
26033
1568
35733
190
46045
36825
49452
6008
37285
45790
51280
47996
46317
1607
47743
458
25799
35392
46336
2022
37160
51069
46446
1168
27776
5552
46458
4195
27337
35805
26089
30269
26911
36016
50949
284
15254
45526
27433
762
48705
42708
24283
36854
25436
45636
51611
46176
45049
51485
35926
3556
49968
3362
50300
1334
48804
16342
46516
50981
36295
5078
26653
1742
46957
27153
35925
11311
3571
42983
26381
40385
27250
26370
3694
7305
27121
40717
41712
50567
49587
35205
36276
18057
46625
4588
18157
27265
24829
51421
45261
15360
26818
46508
46652
51161
49324
50600
51784
27427
25791
45594
37998
36373
27986
27479
30040
51597
35568
27447
45578
51285
52293
46472
1139
50882
15244
4021
15773
26367
16995
29758
49976
46089
5544
35693
2503
45932
46242
27325
1610
50565
41440
3612
35951
623
27459
3861
26821
45104
26255
36888
29213
4702
35102
43825
44727
52354
995
51790
36230
49371
44832
552
51209
15762
38333
920
1937
37393
47799
2526
1599
35999
45427
27657
35456
37120
50505
46023
45610
46704
26671
41594
35736
25787
35047
49499
14358
8402
27704
44804
52177
2320
36308
22358
36814
35542
35037
34137
4390
35895
29264
44886
28784
46467
49440
26277
36809
44961
44735
36504
40958
51594
38959
51449
44706
46949
50907
50933
49681
36396
47264
51170
3371
37066
29561
27206
46850
46850
1950
14539
51912
24811
732
26701
8768
36040
4051
46114
48905
45848
50358
34128
47054
25886
26321
26637
51154
45250
50451
37223
32850
1734
693
51026
34291
46698
48482
36044
15730
51741
26582
8207
4306
45625
45258
29046
29725
46690
2603
37372
47130
41733
45696
45608
40380
46950
49562
36992
51756
48311
978
3928
49232
50812
44653
48982
51799
50326
3361
26706
26669
27192
42556
35188
29898
25143
36240
36893
48797
15108
4087
36922
25532
48864
36740
39180
419
49234
49631
3015
42045
2049
45820
36553
27106
2904
25378
47316
50866
27094
17507
48017
46853
45976
27358
16047
50146
27556
49250
48118
36882
46503
50070
45730
1009
8078
4177
35614
36153
50002
27001
48791
46882
29337
50886
39407
45638
703
47115
25149
35523
50598
10660
25437
1541
51065
1453
41477
45674
340
26976
46641
51742
25944
37322
49386
36868
26307
50133
47364
50730
25790
5524
25441
26337
25395
1004
26606
36081
36965
313
35556
8277
46350
46002
15219
46489
46795
4661
46953
2913
44796
50964
46862
35609
3256
46547
51050
4789
26390
2654
401
28138
48752
44993
46679
45754
46349
49716
1406
49050
5555
36000
2899
1139
50038
35310
1299
21082
21733
26863
51722
26364
44865
35339
50006
52122
46696
8051
32974
49457
25452
51117
26419
39745
4791
4768
43085
49121
440
47912
18392
5149
26228
346
7319
26755
46843
49043
46532
44909
45795
25742
11329
32374
47311
51671
48859
50395
1356
48629
49090
8226
2222
44866
24807
47360
47021
38204
46695
35397
51071
49137
4358
705
35509
36252
22445
47192
47585
45377
49527
47230
45868
32015
27916
1899
47708
24287
45008
4439
35939
46790
48722
36074
2529
49555
47261
51274
45626
34380
45851
922
47092
27653
47253
2499
24778
24942
16360
47476
44771
50053
846
35547
47211
37319
11888
35219
36567
4121
26846
14564
25643
27860
2301
47182
1438
3021
3365
49478
35877
3900
26086
35999
49857
46836
32373
47941
35292
25514
36822
50813
49887
50816
2366
37395
45334
37649
4028
27272
51187
596
25851
3130
48174
32
11
50032
44770
45760
32740
49181
51013
35975
16403
10558
1563
3203
51235
49980
21646
3288
46409
49819
44991
29470
44679
4125
42912
47248
50796
25500
9497
46934
25783
36925
2732
15237
32242
47601
46257
51172
24753
45424
37725
46385
26280
10959
44841
49851
25631
45792
221
1424
1858
40037
51264
28353
407
9014
36468
49235
11273
49820
50596
49733
4395
41194
1171
3609
44832
44667
42588
3924
34814
51328
41611
15203
21424
33313
51918
3724
27126
25376
44903
11513
49138
50135
7216
36017
7244
36391
36463
36175
21642
37538
235
50281
1952
1605
4794
1188
1293
37555
51525
32209
51915
39301
4813
26378
6114
35388
36084
16207
35689
48964
49963
50220
1274
35758
2554
45781
51575
36907
48897
2311
45807
45565
27813
10844
34265
51514
25905
14170
1745
36254
26284
46763
51269
36007
47026
34316
34790
26481
35026
18681
41870
1298
42584
49393
49385
46069
46335
2128
46995
50329
42735
2047
50403
45828
32122
28351
27965
51860
50394
27118
26779
26348
8024
24755
36726
44944
43724
44938
1806
4153
36935
45212
27247
36076
45402
39997
31917
36169
2581
27317
32424
10
47146
45215
8569
51409
35676
36746
21351
3929
5558
27586
1875
45382
36718
2753
28474
50392
2616
44942
48025
49171
28753
41696
14987
46083
35558
43598
1307
40201
26697
46225
15705
44773
47143
44846
30420
10914
33120
6313
48877
46250
17836
4326
18382
41449
3868
25930
26492
45405
5514
35631
706
50399
27207
25727
35508
4035
44718
35942
18779
50753
173
49269
50943
35312
27528
691
4213
27450
47132
27014
50604
44124
27363
49242
26224
7256
45665
45436
46191
26701
51202
3600
30056
44677
25533
10556
35061
3917
45718
50629
4343
45134
46367
46056
35195
47062
26620
39221
36812
51096
37208
52064
27362
49674
50174
45767
33030
52098
11319
47152
49215
42442
45769
50349
37541
759
15773
10348
46861
10900
4024
45622
46049
3643
29565
47155
45288
46490
51279
48830
45860
49624
35333
36142
46993
36245
50569
38114
36347
51066
24348
404
47399
46018
2804
35691
51148
36390
27071
45023
26428
48777
30643
26383
50782
46271
37190
6069
962
25454
50825
26296
1585
33518
1788
29864
2309
1583
44764
40033
5502
955
51156
45316
50314
52149
44933
46971
50786
35399
5884
13368
25888
25401
52095
3707
40453
36457
48824
51310
49704
17394
18411
50608
5042
1925
50776
46639
43593
48679
22656
22777
31024
35644
48615
17716
3453
43142
39433
35277
36027
17437
46717
1883
35062
35190
26133
695
15749
44802
45923
2921
46559
41657
45303
50153
45741
44952
49901
5506
44907
47978
36229
36290
28507
45799
14085
4328
48332
14363
16280
52008
2969
25440
25606
36610
30876
51765
46670
45022
7224
47962
27546
47660
49827
50287
23589
27386
15744
47942
46365
26746
37018
36526
2590
50137
49503
51277
7277
49241
29121
52100
50608
36808
27418
49424
43520
49989
50685
35662
48620
47254
3653
44709
51783
36546
49401
36425
2965
11325
45827
27188
48857
4061
1940
46357
45991
50981
51211
51129
26979
47255
4771
49201
35439
20683
36807
3917
51288
27273
51056
27370
31245
17389
39293
49000
35683
47859
3881
50952
50611
36861
36519
48924
45972
36184
2321
35810
37181
25547
37213
29613
47600
27390
31621
45048
3727
3808
1046
24741
50955
46846
49081
32368
26805
49032
50872
25998
25923
979
49135
26358
46019
47237
47116
52451
49076
50370
27257
47191
50436
50858
46460
51226
46724
38786
594
39599
49545
2576
46028
45192
52085
48221
45175
50699
2621
46861
15785
49516
46105
27323
16364
49586
6476
37279
48016
46088
47973
44821
446
26766
1699
1582
36320
35427
27083
47860
17447
52194
26987
50809
2906
26578
49578
27597
47367
38348
26356
39505
46444
50875
35653
15720
46946
14623
33105
2551
45635
45173
45816
27302
36908
46059
14499
47545
47202
48395
2569
50921
27471
51216
36775
50414
46494
1340
48407
14912
43739
15771
48494
46618
25030
1912
50781
7108
34096
45738
49725
35535
27222
50538
51551
46209
46489
231
51673
46066
45740
23155
3333
737
50582
48731
42885
40395
49579
26107
26805
40657
45203
27650
24728
27168
27235
40809
4458
1221
45213
51663
27005
46548
1932
674
49361
2776
2218
45486
36385
1580
50388
26932
48912
1232
35517
27579
21496
1566
1447
36034
17987
2336
51183
1289
37230
46277
2592
35174
11088
44978
49399
50520
44925
34478
46447
667
37278
28313
49700
15775
46761
46173
21497
18475
35723
51294
51993
49158
36981
26030
11437
2294
52405
47328
32878
47781
45629
18523
46544
50613
50114
48983
1724
2497
50662
48391
52171
17450
26038
24962
4221
927
34349
47354
47700
25221
1694
2905
26028
4211
45169
11299
49359
36473
44984
37318
26751
4414
46550
35657
35386
51133
37067
26778
14710
1726
45114
49467
26573
48702
46435
51093
26988
50277
36138
41511
42547
44713
2192
46899
49322
5576
676
37506
33429
26885
45810
45739
36109
3295
2332
25479
189
2794
21249
1960
41587
45556
35906
46810
46367
48999
36803
45097
2534
46428
28776
25266
45612
51133
45441
33264
52357
41181
354
44853
25831
46475
1186
44454
47069
17966
35331
35325
50523
38908
51785
51110
47168
49571
28298
45859
2623
1968
33896
35471
46631
29156
5567
45720
40214
10723
40456
27245
48057
25728
430
50934
27207
980
1469
3608
4319
2723
28708
35954
52117
26455
37313
7454
44686
47083
4112
50615
47286
14561
46266
7808
51979
46238
26876
50966
3379
36217
3752
46214
51014
51023
45376
35276
26721
1499
49387
50948
48661
34689
49464
44997
35395
38710
45356
47186
36900
39299
50062
33064
1072
4099
2861
4039
36963
305
46201
4174
42607
25186
37207
45653
44801
47217
51193
26845
50888
20257
47122
27216
46399
49711
50538
44818
45329
26222
36315
43342
11194
49064
47322
45224
1646
35242
47126
42474
14644
9690
42568
47011
1051
51252
39748
37141
2214
32903
37072
30869
12463
49629
14139
49419
3164
24770
29315
46692
49229
45048
1878
581
48122
106
3947
8399
25938
1841
37985
10775
46607
35329
17440
37222
35652
46155
14292
51534
49460
25999
52080
36950
26761
35488
45624
49327
42860
26475
37211
2217
2339
41155
46044
1671
49612
5663
3525
43804
27129
46686
46528
36616
32932
45801
1493
41586
1612
50644
45544
26099
48148
50085
14650
1029
1478
27213
37215
26585
36193
17482
45054
27238
3084
28543
11652
51615
37182
51543
26570
48074
46177
1677
50227
37282
3798
49552
44794
47147
49459
14117
44207
48850
26439
47117
29065
29790
7180
24805
268
27656
25646
4914
25756
44673
26440
51195
39159
49996
33167
21269
3002
49695
51476
35240
47199
49313
48611
50932
27089
44738
45687
36942
26775
3698
26730
25613
1951
35618
49274
3604
36655
1405
3264
46491
47137
38889
46956
26828
11008
39963
39378
44683
4340
3953
47003
2053
51701
50186
48307
37030
8547
4441
27435
47073
27053
36469
17106
1955
26712
46128
49165
48992
29649
10986
46826
16390
11320
34109
52021
46081
27019
42261
36496
36287
45370
3865
48616
35157
36571
468
35009
25473
48470
48745
1373
50245
26036
44720
1740
46076
50960
27318
45419
38
6047
36049
26549
50985
629
1474
51433
36890
38975
2229
2796
5476
3806
46332
25150
15765
27409
14773
26171
35882
38423
5918
45966
37291
49276
48854
27491
45726
44934
4108
27291
43772
50878
31030
1433
35238
2822
1893
27056
49423
45478
38289
1055
47075
163
8229
4534
50522
26106
50584
46079
27368
49628
25576
38761
42592
3950
51817
1390
35167
3265
37948
46073
42501
2033
45503
3207
50448
35639
25562
36851
46443
50692
17448
5227
50130
5893
25811
35162
51168
1003
25957
14109
47242
4628
50441
35295
50084
27092
49923
1606
51301
46229
36016
15702
45079
16396
39282
11269
7223
50928
1455
2476
51044
24689
1180
35904
778
8509
51633
36738
47231
36706
1265
36948
724
50238
45772
28045
51262
16285
30352
8450
26692
2832
49197
50688
26019
49312
36047
51329
35909
27732
50992
26514
2620
29282
5561
37361
50891
47086
49748
35711
46068
33225
51959
44748
5575
10737
46442
4053
46933
30263
50461
997
36878
26917
26814
44672
50835
51279
35171
46010
3685
925
49651
29598
33416
14389
4236
47318
48493
51978
47005
46873
48749
49717
49283
47273
51496
36835
47149
5583
1668
50155
27220
5599
4861
27829
50661
14123
4408
46612
49694
50503
48329
1531
46823
1383
26617
39885
35060
36985
14628
35478
48015
27573
25925
48062
17513
50668
27101
45059
14314
59
4772
24801
50354
1395
39289
49966
26581
48036
4038
50579
4796
17462
31763
49113
45269
35086
48816
1910
38715
25971
176
1912
27522
51110
39977
4715
47593
902
49127
4503
2738
35659
50772
46195
51185
49616
3689
36903
35421
25419
29863
35469
37009
38728
26406
37220
7249
52365
27186
35241
46412
2532
2538
35668
37239
24840
47218
25939
3922
29463
19917
29915
50546
34038
36525
26810
45566
50746
33361
34197
50420
41533
35624
5505
36121
26586
44878
26464
14685
35960
25629
14097
660
46910
46278
32162
26654
8353
46285
47276
48233
50132
48159
262
36428
37852
4020
35888
44953
44947
26905
45325
51413
25928
2910
45673
27611
27284
50400
2475
26035
26513
45369
29367
46936
30347
616
49492
24738
49230
50787
32573
46177
47635
47049
31064
45652
46623
470
49956
36915
50775
46820
50991
36863
21324
32233
422
27691
35560
26880
46922
24781
39950
26778
25762
46450
618
46962
1997
52166
27532
1002
48977
28554
51284
50408
47806
36961
48497
19931
45516
46827
50178
47400
25962
45353
47220
45154
46510
50144
42292
49760
26682
26409
51743
45532
51447
37544
17223
1481
49094
51593
47958
37011
19961
15438
47518
1344
6461
47258
49134
687
24777
9711
44893
26898
688
46451
44967
43098
26057
44003
45212
6851
45884
36464
45401
46379
36601
36427
3802
47915
27817
36879
12274
46280
1237
36558
45526
46070
44776
35055
26092
48321
49982
50799
147
26827
44826
51522
45185
11611
3878
22607
50864
37773
50912
44197
46376
44989
50669
27308
24933
17695
2478
4072
4723
2502
14196
25449
46410
48634
34020
47184
10108
27111
51369
27190
45235
49018
14730
46479
46814
49393
33095
36817
36182
15122
8238
50670
46497
39660
50328
21189
18164
44763
24909
47157
3013
49664
46377
26498
37210
420
4345
50865
50335
25911
269
50023
46342
4454
35515
35979
26754
49615
35340
46381
27438
44749
387
4795
51214
48833
41534
49139
37224
5796
19772
45679
1235
48100
3613
48991
4090
51346
7357
47858
37851
48692
20841
48829
4384
11552
3955
35718
26126
48978
3851
36263
50599
47210
50747
48885
47065
44960
50665
45573
44751
36420
42814
50098
16825
36850
20717
47361
1156
48806
27157
46849
25405
25788
51599
36216
1579
46319
29572
51186
35559
17713
14934
26094
45648
1800
14601
50074
50192
50401
18706
27190
36431
48917
26184
38307
46845
37026
46416
2060
39090
49728
932
50334
4985
40832
35396
50013
40588
7012
22622
44872
52258
25868
50592
49310
1696
7271
45642
36405
46655
46097
50666
26995
46459
49380
46662
17521
49046
26579
3198
47993
1032
27124
2849
42786
48295
4722
35809
33385
25558
1349
656
51136
25929
50958
2080
15403
46892
50784
4426
25796
47316
27204
50824
37973
27041
848
3529
46187
20836
2721
25585
36710
15813
3035
655
50789
898
52213
25806
50397
731
45520
36285
40953
16998
45505
52254
46292
49293
2744
4625
48721
45365
46818
44887
11126
47109
49627
11260
25755
47599
35208
51203
46633
51247
3796
27413
47558
50307
4204
25804
870
26398
27332
36759
48739
36900
35308
38558
3385
51861
50239
3248
26609
26889
35147
4612
10495
50104
38885
47150
50756
44757
36187
46346
47163
1023
26024
48681
1330
712
43791
37004
38242
3636
4799
51229
27699
50646
42882
1957
47886
49307
27309
51809
49071
17509
50014
25484
29509
2735
38266
36716
2872
27396
25734
3214
20006
49462
524
47241
41672
1143
47159
35850
26665
1887
17406
49303
49439
26588
25709
2797
35474
27495
7238
47369
50010
47902
4171
32177
3894
25648
25606
49250
46406
46990
9843
46987
26162
24907
729
2291
35976
24543
1811
35227
2552
24915
44782
45028
7087
25637
42006
35056
26696
35137
49083
32169
977
37050
15017
44896
49735
50658
35464
45862
593
45695
36832
2533
49836
4986
4065
46561
46973
4475
28848
48023
44950
35867
24374
31548
41802
45378
45803
28560
45112
45997
1157
276
49636
45818
50880
50925
46930
37441
35623
48775
31215
1863
46371
50389
49835
50632
22715
316
4092
1092
25425
2601
14741
13060
48875
26039
4163
50956
27215
44691
46626
47352
2555
29556
40811
49620
36570
1559
24893
46926
30617
1555
4582
4769
46300
4862
21493
7215
44743
25576
37033
44731
3635
38472
49357
41801
46080
52169
15794
26145
35111
51736
29450
47794
160
24764
27943
51114
27523
44933
37025
26859
1026
47119
1656
26840
9737
50383
17493
45214
46578
44621
50522
36107
50008
38976
36131
35202
25935
26991
42007
26810
26592
47035
48785
39183
26548
48633
50989
50094
15776
43195
45156
2564
27331
50073
4407
13037
43973
26042
27587
23986
25891
46531
50832
51015
49652
17390
29492
35435
2295
52007
50597
35499
45243
25681
50037
38980
25942
27280
36670
49617
21513
35199
4392
25763
47077
26541
45971
44656
49033
27767
47926
27848
24751
50527
51163
4193
24701
28008
36057
51237
27075
2668
45732
50737
29366
36673
28333
26353
28894
35848
46347
35839
40057
50969
50839
50296
17430
49378
27229
331
50311
25690
1319
4357
27254
45287
49758
45110
4583
13140
4599
35819
51467
50595
48024
25593
31560
51902
47175
47257
46062
26647
38708
27391
35661
49285
29819
35607
3691
37153
36364
44847
14593
46903
51909
49315
11852
46403
46650
35247
463
863
3263
3872
46966
1635
39206
1972
50656
49027
27324
45026
1963
46457
26025
46435
49585
27356
15716
48330
35622
2698
50820
44800
7650
4024
16127
35210
27183
10901
14635
1276
48841
4662
1928
46484
25512
26325
20847
3368
39
50241
45510
50071
50350
51393
1130
37394
35327
3799
26007
46065
27088
37369
48686
46641
51215
36
2945
48943
35812
48113
26294
46676
38384
48617
26584
44990
49505
2163
28994
36306
30841
24492
50211
45501
4197
752
49251
26566
45392
49892
2548
44742
50329
52485
45661
35744
49013
40913
36462
14725
27599
45910
3855
24693
50953
46940
26624
25684
45228
45071
7011
46407
5553
32596
17057
46185
50660
37039
152
26866
1812
37596
46736
240
3640
36622
2868
3630
697
47576
15727
34425
50570
51616
18646
47266
49132
46824
37762
11344
25739
27033
28323
35075
29688
14762
36190
35401
17359
48832
49186
41501
50754
42660
48704
46697
36033
1839
25584
14497
45430
13214
47977
26556
29032
50850
37453
26628
44775
45742
249
1700
44759
50628
52005
52081
4538
27431
25745
46477
47761
14769
38518
46789
26591
1711
4068
2139
26916
40044
44957
36109
17297
46935
49138
27700
47262
2948
46106
49502
7306
49172
37367
46939
38894
25833
23580
49752
48631
40481
30281
39730
39303
35881
35981
51760
50347
45262
3022
21649
44871
26756
49732
46608
24699
49041
24123
24833
46052
51849
25802
1852
27104
51016
46539
2251
52433
49513
11381
35705
48871
49190
3273
30793
49884
575
33109
7996
27037
26153
46879
50770
206
48153
46870
27455
45569
44936
47081
4496
46947
27558
3787
46082
49191
25676
52009
25531
49287
14603
35949
35064
51272
48944
26380
24819
51884
47677
28637
36877
31242
27176
36079
45364
1682
25699
36031
26221
29570
48930
51314
24217
4527
48869
1062
51037
45180
24714
47903
15712
253
1022
46486
3014
44536
51103
37061
4338
47866
4134
50689
27137
3910
25550
50151
3788
50068
52001
50526
49245
35159
4382
35239
27606
32996
51935
36700
28714
50537
27177
48609
26500
36417
44716
49785
50979
49603
48758
51810
931
1798
26263
51155
3589
41647
25520
44940
38241
50839
27351
4563
26749
46663
46189
26272
46671
35797
51903
570
7195
50044
49619
50352
36439
46427
35927
26559
49456
26113
37323
51936
32154
2960
26026
26551
49739
45956
36103
24786
50803
26518
3373
3649
51238
26904
20943
48659
2262
19871
1309
46174
26882
14974
29042
51937
46116
25600
25742
26759
44912
46891
14571
1848
27008
46179
5527
44726
36511
50751
4145
45626
36144
35475
35694
50325
43733
43834
47720
42327
47191
34298
38631
4317
36291
47047
4863
51528
39189
21026
1906
50406
27334
42889
34222
14258
45991
7217
50802
46344
36913
14602
26046
49782
39487
4148
45121
27346
49553
51064
2202
29051
49128
42619
15747
45004
5508
35502
65
46178
51840
51248
49383
48055
25889
45725
36305
47636
32590
37038
45937
37200
37191
18491
27311
35645
39372
51812
36969
3292
49981
2304
26888
27550
957
7109
46996
46087
49582
47959
32143
2786
27091
35256
4083
35772
4313
35892
27270
49535
45140
48899
47889
1301
47453
46883
24307
45127
46273
26426
3104
50919
50250
46313
27231
48789
38920
1505
49221
37264
33355
11211
3010
42745
46602
38331
48637
51099
14592
47319
25623
50984
3565
43976
48652
25686
50251
27097
50831
46700
636
25627
24903
3297
26134
682
21690
17460
5532
27691
15772
49782
26594
49392
35592
24935
47893
50988
27440
36083
40576
36847
44353
49188
45013
5213
47010
26554
1916
25642
49381
39314
21033
1924
26713
39835
50268
35500
51173
7303
32392
47395
14718
45030
46468
994
50785
1218
2234
46881
28571
52120
48157
43683
4399
200
49571
2238
40865
49625
48063
6783
28674
48143
51706
36199
39917
33029
30124
26341
49582
36792
36113
38928
21525
3631
38259
48910
33354
48862
51157
45340
27405
1434
27076
49157
46306
46638
51033
3384
50088
1184
29353
51260
51009
50346
35244
36734
46023
36591
29293
25629
45791
26922
52079
27294
45428
44955
48406
49148
35863
36454
36997
44895
3860
26642
1199
26330
3932
3148
28861
49155
25540
21441
28194
242
50451
49142
44917
44755
2739
1476
36819
37163
14152
3186
51584
28522
6131
26722
47334
45700
48203
49258
49118
49418
50674
35970
48965
51106
2600
4520
2902
34864
8821
26132
27518
46096
35350
17496
2545
51923
45538
45282
26693
46877
35173
49296
37396
2151
47174
45321
26385
2998
47411
49434
46247
27189
44721
47216
36149
45049
49005
41997
49592
37337
32758
35400
929
46324
46901
4752
14742
46492
36101
26288
46912
34770
2609
11095
14940
19118
47101
2967
50587
36020
26491
7255
46380
43882
48925
26279
26460
24799
45896
29417
50269
42729
49398
50852
50815
45846
17205
50428
2041
46632
5489
26758
37078
35245
35963
43890
3011
47839
3566
47291
324
25564
45490
48670
5211
44910
26908
3266
35748
35854
32865
34397
37100
50263
2577
35787
4572
45029
3244
38860
51480
36108
45870
25963
46705
35273
35032
27640
50530
26808
48663
37060
47025
45073
36185
49940
45285
21329
2007
49672
51086
45751
45992
50351
36630
51895
47050
36756
38074
24788
3550
36036
45422
45185
3006
35791
1027
18891
35257
48762
248
5487
28227
50846
2522
36761
46611
27226
44781
40669
2292
48778
19976
41994
26472
46572
1216
35786
49336
49228
49376
47992
1909
47123
30962
35260
12628
51118
49633
37089
47304
1644
1318
47236
45161
46517
36443
2606
49976
46091
25552
7524
4333
45394
48184
27367
7337
26032
38884
35117
27218
47289
50827
48972
46846
41355
46597
25951
2572
51555
27399
47555
14902
1486
42218
42724
27315
45275
25901
46781
35804
43644
46866
26254
6794
27297
36901
48967
15841
46937
45108
24392
26403
48954
51405
1135
46740
39743
7247
49869
18488
50205
1142
2142
35485
20001
15785
49846
4405
46748
37007
25707
40699
25560
45945
2850
4089
25538
230
29452
23516
2788
2866
36849
45468
25453
39572
1427
1721
2008
48475
20904
21362
51223
46512
51249
46526
46837
31029
27168
18342
38801
26227
46455
45805
47170
36341
36995
35562
36590
45042
41216
35968
30044
51155
8098
311
25792
3594
36559
3839
35114
46383
50916
7234
46445
3169
37151
36424
49366
46077
25909
4664
26962
46892
35189
3638
48989
3367
1759
3016
50402
46808
46272
2558
50978
45172
16451
4416
35223
46545
1965
4157
49443
51981
26077
50455
28500
42237
46071
5569
48847
37809
50105
36134
27873
50202
45197
2630
3009
26741
51198
26037
45222
27567
50890
48784
49762
52026
50375
12112
46095
27547
25685
36116
27160
4383
46562
47748
17514
35815
26593
2988
44932
3172
43011
3378
43117
20856
49044
469
2476
17224
16341
3768
4650
1650
45640
50382
47380
26468
17436
275
1335
48396
30144
3887
35847
35548
47058
48270
36208
47284
4048
29926
26777
29318
30824
33530
1662
1033
1641
25964
4613
45164
27209
2342
36445
3623
50016
50498
51258
25071
35709
36501
1106
45015
2278
46273
33208
25455
44700
27212
2950
26520
46797
36731
736
27298
834
1501
35849
26483
5574
46254
1442
45970
49389
5632
44761
42944
26076
26575
25432
46557
50636
47659
28587
2605
37334
45409
49618
2985
47798
3137
25797
38740
14735
2578
36708
49475
47981
35601
48672
1065
1949
51389
26553
4646
36595
35898
39919
1867
36485
52017
35536
7272
48232
48708
35423
4060
46655
48324
1291
48756
44948
48550
2912
25923
45101
37351
3375
1509
2715
25203
49323
37284
17392
4427
30588
51386
36982
45205
50773
14633
4284
4330
48787
27582
52092
3681
49697
36867
35632
33710
44704
48644
11509
26728
51399
1750
601
27759
26953
45514
38630
36392
26119
41542
48729
36824
36239
46328
50317
51303
851
15711
48937
50915
26831
36762
26079
51852
50576
6149
25555
50148
28210
46369
7213
40585
1974
1756
46090
18459
36562
51116
51095
50297
49872
2971
42107
45620
50324
31873
49788
33839
52276
15043
40004
37842
18259
48803
27095
46299
50601
47105
7257
3274
46513
36661
46374
24617
7225
45684
27404
49838
47277
18050
41201
38755
37636
32837
4088
4418
47087
48757
38221
47882
1549
47570
43053
413
17220
1482
40491
45654
28934
45649
26324
51437
25769
14770
25592
26589
3370
47321
35878
30426
6844
444
4453
35043
8461
45273
37335
47097
47447
37833
4287
46859
27204
38248
47852
26220
46354
47183
50748
35184
26850
46473
37043
50869
44649
3933
24768
5191
27293
46635
36286
36233
49124
36231
49596
29645
29638
45766
40052
45601
46558
49972
46390
36905
44984
46744
48878
50893
48922
49092
46323
35513
49340
50055
47484
25668
17639
10366
7269
48744
35081
45757
32612
36236
27632
26379
36223
3348
1907
50494
2766
37161
2190
35664
46570
5494
47016
35750
35977
25906
28661
2549
17614
439
35967
4028
48690
26170
27920
27068
4657
14991
29612
24026
46564
26232
47007
699
1811
50142
1037
21669
2597
35613
52564
36095
46341
28516
46448
45930
3201
51983
41890
6171
26590
51239
40349
31967
47125
45444
46255
45096
27116
43949
25834
46382
26791
52094
45050
3089
609
49217
36599
46395
25856
44758
28324
32637
51565
27306
598
4296
44733
43946
47307
50380
51254
30589
36873
224
26325
25953
36946
43680
18584
1038
45041
25518
48781
34035
457
47103
35314
49998
24813
25446
36273
7258
45664
44
44760
1970
51281
38069
37077
4034
49156
37962
25249
36303
49473
50867
25689
45150
44652
26343
3249
3946
40512
2058
50997
36132
36090
50504
35251
1134
46776
31472
11385
35209
273
25667
45408
50017
25470
33
1005
44966
34005
27084
35179
1783
27108
1189
8498
18588
16990
31580
25908
35773
51707
35238
46970
27025
2587
5024
2862
51950
37096
50664
50982
36573
49104
27589
25854
51475
29362
46502
26332
36331
26458
46464
47967
45524
42495
51327
3797
1053
25630
45584
45999
23716
47010
49254
46627
2806
35587
30975
36912
6519
46421
46693
50517
1210
2730
1869
51091
40756
28415
1325
49646
45220
26080
31197
11262
50590
1268
5225
27737
26803
37032
37231
27079
51194
41389
47004
35957
27544
49035
40666
33143
2802
36375
5022
3376
46711
47813
46636
36538
4469
52322
35290
26577
45536
45111
50316
49897
29177
30111
17306
4161
26069
1162
14965
14971
41419
37398
1723
50727
48733
26825
49776
29270
14595
44654
33493
48959
45889
47658
44714
49525
46240
37165
36227
26397
49075
47028
47226
4718
50212
4517
9382
35749
46542
46673
47269
26830
42969
47589
5537
26334
46644
46644
49087
44963
49529
45372
50274
51854
51904
50877
46261
51862
14799
36779
46716
24951
27414
623
13006
1814
1057
48734
46674
27210
36301
38902
35434
29057
50429
252
51081
37116
46941
37022
10613
44803
38050
36041
33023
47098
40529
48685
48793
35262
50367
2610
35313
48632
51135
45871
279
52219
46975
3648
36282
2954
49534
25626
2198
37144
48956
25160
464
47215
25501
3350
44849
50303
26098
36814
49952
26700
32869
30959
1253
49979
36472
26522
3383
47441
35096
37886
2917
49006
27685
33398
27016
50460
46452
50185
41494
2530
15532
52190
3032
1271
25798
3611
48314
50695
26408
4094
25109
43425
26734
28735
48734
20503
50203
3257
648
32485
13846
7566
50508
47000
2197
3097
25485
26943
45784
2252
7393
51261
1159
50371
45218
46523
36578
24444
4765
18123
47100
47419
48844
50391
4558
27748
36150
25409
7181
25710
50403
2666
2471
38943
47769
36430
36592
25094
45744
26932
1835
3372
35193
1394
7241
27217
27255
35808
27055
48976
37083
314
50282
47040
892
13325
50817
46461
37069
36328
27540
28286
36933
33059
27402
5139
46204
51355
47671
36914
35148
46637
51773
26136
37277
50353
44745
29535
43311
51962
36816
51231
36171
19147
51196
16731
29909
35274
51219
3105
45272
38973
2903
51040
46963
7165
48876
51228
7333
17433
24772
36038
951
51306
46904
25574
48760
26510
49958
36362
35563
35993
3761
3027
49523
46423
4732
137
26763
250
27261
37193
50043
24942
25967
36941
50748
50047
35158
38895
45774
49216
26894
25922
33979
461
24254
27465
27161
26691
3905
37260
37298
797
38923
50953
48959
25614
14028
1150
45541
48871
7275
35658
1419
25568
1045
48750
1689
41965
35478
17520
48872
15717
915
44922
37006
45186
5630
50967
35537
44777
27264
187
46908
26097
44670
1287
46364
7363
35555
34133
48682
50787
4486
28957
14642
37050
45246
50810
1371
41044
35910
44707
2169
49326
35707
17407
46051
46803
20333
44062
49316
35505
9960
3660
27133
3293
2325
45057
497
20991
51085
50462
47061
15791
50452
4180
27484
46110
45423
5496
29088
36724
45736
3552
47282
34
51144
37177
47826
2567
27196
35332
4435
45745
1451
45993
45599
4644
49477
51685
1374
5538
35411
46033
24966
25876
48954
50732
47038
26752
27452
4097
26097
21499
25545
28426
35257
25879
48619
4210
14787
48953
51212
47006
1865
2808
45444
49169
50924
47089
36612
36398
45548
28716
1490
46227
28050
4490
47312
26958
5507
36978
494
34759
26600
43866
29019
861
47142
49653
3780
49404
26841
36133
46441
25899
49637
993
49524
44675
3559
1462
47256
48743
26346
35932
48853
48888
48856
9001
27655
50444
26639
36477
47148
17416
8423
26412
47053
47563
2841
25647
26661
35994
50647
1047
45571
3583
51138
48399
27352
40031
25844
1791
46864
5570
27024
228
49368
44889
36951
46654
46432
36334
49123
35557
49160
37065
12862
37010
35774
48764
44826
27198
28720
27769
604
35988
50411
48447
45139
3366
45692
5181
32158
14760
35990
46629
1057
37102
18423
50188
523
184
21450
26595
45951
27598
46930
26174
2871
27408
37674
29763
37000
51140
50000
25426
50847
27560
37748
36733
48761
4272
15713
51038
926
47607
26374
32272
49769
50876
29006
45229
25780
50161
15573
51221
4506
35696
47259
35532
46981
37021
14119
46027
14790
44864
38912
48950
45003
36852
34163
45077
24826
26838
45388
45557
36249
25091
51757
49020
34852
51259
48822
41886
25694
47950
3942
47317
50733
47031
49955
46082
46337
51170
49152
27073
2662
49679
49278
7026
2640
48635
17439
45418
33403
42490
44958
1672
49111
32092
36189
40313
1552
28942
26016
4500
1838
32290
17375
42475
45031
50541
44891
24023
3448
47326
14514
44793
27577
3864
45994
1188
46576
3733
1717
15764
420
51048
48920
25463
49832
33111
36028
50950
36743
51348
51595
40364
49333
35036
25387
263
2573
50254
312
27372
35752
46858
15161
45651
40265
2215
49905
50519
50787
35816
35882
3225
20701
51074
49084
27253
1975
21140
49338
26216
44750
26545
49365
32654
49806
36387
46115
46985
22038
1805
4202
36480
37309
48613
49891
49731
51200
4215
51710
46917
35842
36911
49883
50975
1367
36353
49346
45234
1396
30719
44856
25391
28837
37944
45667
17427
50226
1369
50811
28340
33814
32351
50046
14695
4920
45666
768
30144
50532
47698
46554
41481
4775
49431
51558
45796
2937
50015
26667
50605
49390
2296
25878
36631
35230
50481
24968
29760
41443
25602
41891
50976
36317
24304
45137
25596
50365
39125
2528
35465
27549
4133
51376
3675
31579
27696
25418
45147
26900
49678
40212
34997
45623
46262
5518
45835
2078
46182
38544
46630
52290
17548
7841
1784
47283
4064
33219
12894
52109
44603
22489
45131
23210
14854
33292
1877
26087
4487
1025
51455
27583
32179
27964
50823
52091
45925
1840
15404
35197
31088
48656
48921
46131
37118
36932
48731
49384
40232
48755
46433
25864
42839
2302
28487
41212
51150
5558
1395
40394
49136
49400
40360
44433
50712
35510
38224
1426
18275
26270
45600
34210
27809
1889
29747
45467
2200
45733
27053
49105
48849
45559
51241
2574
25433
26678
26140
50873
36687
24958
35286
47947
32171
5501
46789
3542
49724
48838
35741
4784
48703
38031
3033
21480
31818
44894
1851
47279
46962
46424
4591
49445
37917
14129
45631
24928
15779
51931
46368
46691
50859
50253
13873
25586
36954
43473
51730
44911
46968
1946
3647
27040
831
25851
45183
45877
45350
3074
6192
7336
1760
35422
50767
35997
48770
19654
28399
4493
36167
46536
45707
7304
300
49281
1749
47455
7260
37201
26634
47154
49198
51120
25649
10520
52118
1052
14755
36489
45680
857
46701
21368
5093
50502
37081
47159
50031
35254
47190
49277
9591
46351
442
49375
47620
27607
1258
35879
47171
3344
36871
46567
26801
27021
35956
46821
948
50034
47203
26569
51126
35746
26350
47649
48947
36008
50048
46474
14605
272
47178
30036
45722
48713
3793
10433
36680
35902
25843
25448
50993
26603
49693
46316
34147
21050
1233
26984
51924
4774
51323
27786
27430
27224
50795
48073
45727
27201
44990
46712
2039
35649
35713
49397
44035
46649
24940
49150
26742
46910
50560
2932
7004
45451
2801
15790
46524
48249
30331
36197
41396
28607
36980
4359
48867
50524
26674
867
46274
1296
51844
31434
35660
47278
49498
50544
37015
36367
46282
4385
48823
47352
50433
47953
735
18587
44673
6011
26581
35217
37326
44116
51654
27155
36026
36115
51377
45055
47393
26306
45283
26695
26417
45179
18412
48468
49703
49298
38221
51877
44722
16068
864
14622
46865
27259
45217
51719
46022
46166
50757
46642
45588
44983
26488
20738
314
1189
34134
38030
2966
27436
3072
21017
50030
42824
17508
11291
37034
1591
46511
2671
35362
47652
47017
29054
24318
26023
36240
26160
301
48980
2486
17472
44699
1495
3004
47371
39646
47445
27123
46681
35641
47265
35319
36974
2280
37530
46556
4553
37737
50861
36441
36135
13115
4705
26081
40839
4658
39966
2588
49374
29807
46222
46139
35071
2898
366
27462
35186
26663
36226
18538
50756
49291
45211
1727
45785
51175
50569
46875
36880
35388
46171
47270
37005
26285
21130
38037
42227
49583
35575
5513
1428
47214
47133
26537
48636
32293
49130
49924
26875
48825
27006
50158
42355
36366
2716
36987
2602
26109
37246
14266
25590
36729
1915
49219
8306
36909
26402
48660
44957
51142
35634
3276
45284
35846
14133
6789
27138
26897
27932
4137
25523
51204
44897
15356
36899
49970
14495
46361
36476
48919
4601
2498
49108
26982
35387
46525
44732
26631
49377
36006
46764
585
46550
36697
40530
28842
49058
51708
50289
2603
51790
2248
27035
38381
3377
4131
36939
5551
4135
47043
46817
26373
46566
3584
4220
26301
50072
48027
25867
44965
4499
45380
5484
35648
43427
34364
27382
3885
11266
51021
20891
20885
35599
47835
2986
37027
35611
26846
49255
27428
46263
452
2755
45133
25984
29344
34809
3085
35777
733
44741
46092
41058
51897
1873
50313
1883
35972
46680
45136
44752
49023
26102
945
670
45007
1080
51866
42644
1438
36435
50438
40305
36257
1399
48650
4349
26435
25996
43719
2596
341
46988
50946
45418
37194
41689
37183
49206
4172
45344
48728
50163
42488
50493
38485
50144
35269
3646
49318
46669
26349
3400
45645
49091
48927
34174
25702
26149
46302
35507
49158
26515
46301
46355
2032
259
48618
7014
46529
49635
2046
49034
36310
2556
47140
49133
50854
26156
2575
24298
27506
47786
47189
933
41370
7105
27659
30262
49682
13897
46277
1977
7349
49129
2769
51358
49253
34442
35432
50348
36745
29823
44920
14522
38318
27965
2810
393
2203
33774
47084
35054
27194
51779
14578
4288
47004
18737
48083
50121
51300
4428
47657
40586
50486
4531
29809
36449
40441
24718
991
45481
50086
16406
29257
1195
50004
49391
32286
35759
3627
1019
26221
38931
45913
1834
4170
35057
49657
3842
27381
26532
28885
11170
683
35349
1722
4900
8157
3845
29528
7679
50028
52497
46708
50843
1786
46146
29882
46430
47315
5997
41622
44869
3080
975
3255
17471
50822
970
7915
26928
1643
26191
36658
50198
26786
35907
41442
8595
3200
24263
49868
27197
25760
25458
48659
48746
48970
7237
1642
46937
39817
50639
47080
28445
4143
1558
47489
35745
1403
45547
38557
46901
49102
3569
3825
21748
25836
46260
26959
382
17457
45313
4176
35697
49541
1743
46706
3588
44820
50465
50445
50435
33276
7598
49341
23423
41505
48998
20900
46392
35200
1655
26890
48807
49584
3800
51450
51326
26392
48926
35067
36530
50871
35986
26956
7804
26531
27765
46783
49521
46212
11956
18876
49483
2894
2316
42967
49199
52161
45117
18635
35681
36512
48735
40704
30820
2973
2557
50385
24711
35913
40434
36653
5564
46470
25633
48693
2537
45981
21307
35496
4488
35747
2240
36465
46751
1913
46199
49894
37064
26477
14490
2314
35365
2484
35978
27366
51115
45480
46094
46521
45033
8350
47153
49167
35051
46586
35212
48541
41690
36062
26782
29179
35324
38260
48789
36071
35298
40783
47111
45765
36515
50259
49004
45230
35192
36232
2614
46793
51641
5562
681
24774
49047
4312
45267
27233
46709
51357
52078
44681
28397
25133
50840
50007
26909
3017
26229
829
33723
46246
45302
41600
45605
3902
35487
26576
45944
25754
26286
48151
44734
45442
34350
36096
46539
24800
1400
18525
46575
1013
44890
26437
2511
14134
23751
50051
25761
1319
46913
51109
49992
37610
19892
47844
26084
30026
26543
30338
42559
26135
17474
3850
48842
45088
1800
1802
46418
37452
45770
36466
4054
26687
36176
25156
13480
27419
51975
2992
46816
50234
45487
2579
47317
15743
37250
36920
44676
35203
37085
47033
10571
51283
50495
49551
36957
49864
45794
35451
17129
49997
44938
3315
48893
32111
36865
48880
48614
46520
16815
40332
48176
50632
25578
49093
49951
42364
48296
3605
49339
46790
35431
48068
49436
29157
35080
13993
36746
26313
47954
9737
27243
51161
46911
43702
50477
40277
25987
26319
37145
27330
26979
50323
36895
47597
35165
26852
4569
48643
36244
45174
4548
35266
4423
36380
35323
36296
309
49816
46429
36211
36345
45744
24312
49444
51682
26147
4032
46465
51330
26308
48875
1213
35412
28712
31984
682
36292
3445
45723
46570
36177
26729
27214
36078
10655
36221
44876
35862
27568
46582
2116
4782
26177
36165
46685
43414
37461
3357
28642
40754
1477
2722
26769
36005
36991
45702
37721
35381
47112
25685
32545
25708
47118
49954
52058
36970
27384
27227
49874
1813
50862
36818
10670
36210
50304
38144
26471
26090
49121
4766
36427
50911
23629
1804
17237
38449
605
50482
2625
35278
411
8489
44980
35855
2791
26711
51371
25583
3782
46896
25931
37117
46143
47386
999
36719
44708
26050
25919
48966
47306
47939
48957
40506
51199
46619
27654
26997
46961
25858
49330
2507
11920
46534
25447
50860
42774
3001
26063
44829
19876
49331
45570
793
27884
44970
45829
46604
47418
175
38255
2823
39453
22873
49961
36478
51913
3577
45697
36181
25461
17038
50476
49924
48987
43453
2803
45825
44827
37628
45074
3297
51051
3657
27312
1874
45019
28071
26574
26318
14115
220
31773
17221
10650
36288
35945
35654
36173
4393
1227
30690
49986
1075
47752
620
47022
13693
18753
36666
14726
35581
51907
3856
44908
47497
45239
46895
2148
45604
35720
50001
3099
46025
49286
26504
44684
45968
49978
27181
14121
38978
47616
45646
47056
48715
25921
49163
36856
9825
36234
46216
2054
27113
45560
26108
44907
36318
14093
37148
48873
29401
18832
45689
1718
35691
46507
1955
45482
45248
52508
35146
3674
35582
50294
48901
40250
1823
767
49720
46878
37511
45070
11243
45184
35255
2030
25393
4790
52188
37240
49965
30612
15789
780
35335
30907
2274
42545
49725
52031
1267
33269
47196
27059
42710
36481
27156
37057
30332
45346
38188
17446
4189
1621
46438
49977
2773
3279
37003
46538
2527
23747
38233
50633
46844
19410
36896
8031
48297
34772
50306
35326
51107
36739
35337
9553
50042
46992
46153
3275
27383
2641
49261
961
46067
6784
50931
4231
51177
49677
22103
952
35418
3992
3397
7320
35338
49240
2400
25973
36344
31044
50987
33540
51973
51308
36939
49593
46261
3321
4777
38699
42927
50824
26994
2958
47805
16895
35462
39037
3018
49805
35796
31562
36681
25723
21510
31448
1895
26853
26871
4504
2020
36661
45561
26753
18235
25738
46737
27240
3131
45426
37531
43762
47166
47789
672
14733
30989
5361
35279
7094
49783
39389
45009
6684
45771
49117
46417
1259
23969
45167
46715
2756
26686
14844
919
25818
35101
49696
3974
26431
4864
21006
44466
48710
36336
44815
46719
27482
48898
36088
35385
35295
48
25526
7375
37283
41420
5616
1383
8303
4206
7269
266
46549
1807
17784
4318
46792
50620
46991
26675
45659
44837
7214
37047
827
37188
50513
35941
25812
50019
27425
2737
13921
43603
50422
37223
28932
49971
42719
27333
14126
26347
43846
50625
49348
35425
50219
45713
46252
528
46483
49490
14135
30012
50653
25478
37101
49411
47206
51028
36725
38124
44974
6142
35329
29397
37474
1945
48892
49145
26316
14555
46687
25985
24756
26246
26392
35129
36513
20752
45114
46583
26470
2017
35170
49282
26727
25439
8692
35183
26849
475
46543
27705
27099
45195
47896
36747
45082
43370
26508
49555
15677
46906
50301
36885
4181
47814
51292
27868
44740
49515
52134
45330
47179
27446
48344
16345
36772
49120
93
950
49675
30166
34030
51513
35113
36371
27651
12504
29352
27296
3349
15834
27988
45813
26278
2481
45296
49601
49777
30114
45879
36696
48932
27105
47057
48718
35050
49606
47567
26816
36956
25695
36012
50050
49144
1683
35020
2751
46359
38735
51001
48608
2677
1001
899
7928
27310
2015
46329
51061
50222
35936
32703
50998
45168
26768
32132
42530
45245
47212
35275
602
35894
47966
4336
5192
851
49100
49602
47741
3651
37589
26760
1747
5525
2830
36594
29356
49041
46782
50972
2207
33417
48540
45819
64
33865
51873
44730
48851
462
45629
47439
20854
3042
277
35640
2684
46683
49326
25513
7428
50741
45787
50421
7570
26705
49330
50056
28413
37053
45498
35948
35044
46555
45576
25522
49254
48918
37676
46798
46986
47653
44968
26192
1012
37020
19674
30
45942
52483
5542
48730
49530
18395
46507
48137
14562
33849
41172
35650
41362
33089
50487
49231
11251
26129
1115
27461
37104
26283
3024
45745
38932
26825
49484
45748
35429
39972
47727
26188
51836
4118
46163
27516
365
380
2628
45123
52057
49088
15737
2196
2658
35182
51317
35099
36064
25587
26430
29532
26125
4398
51510
26597
26699
46629
37542
33389
48698
44710
34171
15680
27708
2743
26748
46535
46518
47013
5640
51042
26572
27918
21743
15767
3549
36056
15440
44882
49843
45943
36304
25571
51666
35933
534
36099
4266
5299
51796
32864
25809
2972
14977
3679
881
27359
1431
50818
1540
37437
17451
1365
8050
29765
44935
49382
36604
29295
45682
14579
3352
37036
4016
25771
35616
46966
27244
26773
43653
15208
30585
35082
26121
25961
46003
48783
25423
26141
421
25946
7298
3337
48647
3063
26154
42050
36092
46239
47333
50036
14653
25703
51921
769
35612
24769
38553
49960
3270
4240
25689
844
2752
26527
51131
1882
25413
36679
49455
40179
1501
50302
48751
47247
32109
44762
2037
47267
44674
47199
20781
27558
29534
46145
51610
4779
26903
49328
47203
49630
42348
26195
1781
50814
40821
35294
21451
17215
35586
46015
1880
2541
3193
46509
25820
52179
46330
47884
589
26467
1376
37233
45062
777
17698
45371
45266
49949
40607
50076
24921
26702
47957
37107
49722
48948
41385
51858
597
46819
5495
49386
1613
44951
50110
27289
43743
25801
52270
48740
37082
27601
51266
45930
44689
25620
35714
48539
36414
11189
52493
35206
15379
47213
11316
46340
44827
4726
45489
27953
26504
37180
15032
48538
50209
25573
48986
49889
48671
36926
51143
4129
25757
4140
36652
10502
13739
50708
46488
44763
17494
46905
36374
16327
3596
26194
44737
49860
36755
26005
26293
1219
26058
4209
51793
40358
27803
48738
46714
48874
38225
36479
46462
27268
49690
27100
27437
44662
28377
50830
14125
41173
1962
24821
21566
48954
49072
49878
50156
38016
49385
1067
44476
25510
31855
5644
48995
15699
44809
52432
3927
26860
33764
49166
39044
45490
728
40448
26238
46699
31971
2934
28271
47341
52290
27070
51189
20382
1983
11209
36543
3597
42791
31194
2061
886
46245
49856
2926
29867
50312
35693
25917
4109
27093
26550
46628
50571
46718
164
2038
46162
13583
46008
36567
51660
2704
11123
29506
3812
1225
15436
17408
17515
35874
27
9881
29448
10637
30877
51005
49404
2157
37752
44703
437
51003
41975
5167
40093
50483
944
27578
47235
8508
49300
50337
11793
36529
27665
2072
24781
35845
31865
46874
4568
41615
27787
4788
2272
51925
45122
47233
2231
25442
35495
49053
50829
3360
45786
5145
10759
35758
36265
50826
45151
48772
26357
2728
25103
7692
45216
42313
25444
25954
45706
27320
27195
46141
1748
1710
1695
1929
26817
41369
4356
26823
35482
47173
5589
897
48133
49065
35476
35299
27616
35058
15855
1039
1432
36713
37711
3012
47351
20831
15
27036
15782
39405
2539
46907
3537
25578
35280
33962
46975
2799
39637
37205
49192
29173
45157
27494
46784
17479
46087
51272
47048
45177
29872
50528
29382
50753
3606
50120
37008
1269
44881
14644
1351
3722
44664
2955
26493
49447
946
46726
48612
45335
35893
26366
36763
1280
29030
36728
49019
26605
46234
15783
15734
111
50366
25617
36205
49205
27445
49294
3807
50856
1853
15563
26281
19981
51778
318
50655
29542
2997
35066
239
2324
25772
36467
11994
45429
26869
49176
51234
26411
35903
46741
24676
46548
1947
35072
45152
50241
35776
27293
36971
27087
46476
27262
1331
36719
738
7211
38088
4263
36043
45035
10635
36094
4029
46148
49264
8551
5466
26416
29364
34376
28102
3737
49488
5509
28724
25675
1454
1817
36875
7694
29053
45417
49931
9820
49402
48866
27947
46813
35359
37100
25992
26558
48211
47292
27710
50390
51974
45533
45052
37188
26985
50393
41741
47705
16209
36503
49302
4014
3387
7510
26680
44305
42517
2106
44773
21224
27600
36579
35991
4376
51176
46573
45438
50228
36309
17467
3548
35218
1495
18241
47229
25563
51136
32048
51763
45499
37192
37084
24567
48641
3961
24945
15809
29274
695
25764
42663
36711
49352
45155
37248
46865
46181
48726
