49005
50323
46481
50094
43279
668
43119
3097
6125
26775
51132
1328
49619
36353
36234
37272
38578
50782
25536
36431
27296
45323
51039
17509
35318
38738
36519
1036
4520
36293
36504
35150
7374
272
48198
35618
49969
51213
1418
26566
50287
48767
45813
26699
48715
3808
27419
1919
610
18480
46503
45687
27331
49175
1972
46419
1707
34093
3660
44982
3351
36197
44997
45401
439
26491
45348
41657
46187
29542
1961
49503
43384
1202
37071
48319
30042
48853
7193
1613
25659
3297
25780
7165
3552
38399
35201
35960
43974
36490
34358
49691
2327
49141
44921
50634
26867
47005
48833
50663
1858
26766
44723
14753
36044
38773
478
46508
45132
2206
26559
51221
36881
49329
48142
27534
25704
2970
27360
35331
46104
50571
26334
3862
26349
24269
36442
30023
45408
45280
29596
8377
26192
50318
2328
50925
51517
51265
14109
1374
50958
301
3793
50839
37107
26902
48842
49148
12661
44690
45698
49144
35457
50952
36110
33044
35593
49316
49332
38528
4027
45783
36454
26124
1798
26399
1968
46747
36595
46908
36686
49210
50061
47638
52416
1056
35663
31205
26163
25566
35164
30885
39007
36121
48775
5537
26430
26898
47155
25592
14787
3262
26439
51306
51748
39291
171
25141
4726
20675
50302
49388
3020
49193
45430
49985
29266
37113
2002
48967
48670
49161
47426
27359
29775
4795
25815
28900
48358
49602
37693
44833
48693
34442
47024
1495
24768
26828
27045
36954
36231
51077
1622
36719
49309
47003
26283
8966
36826
15233
50376
36742
36502
1820
51064
48890
44513
21135
35614
44499
50301
1266
14290
3295
5524
4791
26806
49381
37190
8210
27431
45361
249
47800
14745
35288
28359
590
49002
46561
1351
51446
5523
46239
1425
1803
27878
47131
35302
40865
27652
46171
52533
3954
46675
43476
30715
50521
47786
48752
48458
37216
25938
44871
50703
46795
48643
36541
1224
46277
45773
27273
48212
1956
19895
44947
38893
2544
13373
27593
49394
46086
50238
50963
46562
29247
2303
51296
50140
31242
25459
29295
46053
26148
9758
26468
35883
51726
46636
48956
26346
397
48663
27203
17837
1757
172
45363
45378
49748
1579
44743
3193
26323
46028
36697
37210
46
27117
36976
46857
51494
2727
37374
2157
1379
33222
48218
4270
50475
25669
45442
46653
37318
26887
47161
49377
49323
44865
46854
49360
48869
45914
46394
50016
46212
14966
45282
48615
46060
36955
37140
45177
50100
22757
35436
46881
35055
14123
50410
45991
1046
24936
45559
42650
44792
45640
46167
45657
52537
38526
16194
45199
46866
5020
14497
38500
7290
15706
5577
17616
7255
123
36542
27985
2526
37217
276
4342
35191
44697
1733
49281
7245
44776
3920
46083
35982
49387
44845
45668
45072
1162
48986
26217
45433
46958
4862
29053
48927
35508
47815
27967
344
36265
49046
44183
49142
44720
49259
1309
12375
46572
49823
50404
48848
24287
49539
46221
14258
46643
6015
44850
27120
13471
49715
48702
37021
49859
3127
48729
15165
52100
50807
45221
49601
51048
17456
46564
50841
18491
49487
36133
25573
33424
49109
49205
37765
46411
49773
48988
5522
35585
48681
36914
239
15765
1874
39360
50330
3939
49336
46114
14033
44951
46543
50363
2990
47870
38034
48719
2987
36811
36107
41357
46489
46765
49776
4439
49213
734
5574
1867
35795
2197
45096
46453
26039
39032
35478
50524
42695
270
47304
44888
42653
36217
48854
20776
1374
12187
35811
49154
33549
50074
2832
47010
3329
48619
44664
38040
8320
45407
36659
1507
50465
4237
36699
48353
14584
2711
4622
46175
45443
49928
24676
36059
43982
11446
50770
50863
35880
17904
27094
728
50867
26876
1334
26357
2825
48806
3666
50583
50483
49146
49133
35695
25412
25662
47084
13029
4052
36507
27374
49140
49624
35245
38375
16326
50402
50776
44699
50399
27018
27574
48862
47069
45790
4765
455
27201
45725
27322
26899
46813
47106
39223
50896
50636
50766
50888
4097
45190
27456
6025
35429
26403
26136
51100
36836
35710
45003
21581
49293
46074
15807
4789
36654
45194
25643
26043
47367
27167
36015
26961
44892
47174
40314
26119
46988
51124
26634
45076
21455
14091
33734
49399
46352
46346
14936
4394
41659
46967
50143
49626
26782
21639
3391
25521
25639
28195
3142
26903
44656
37075
37985
19942
49306
3784
36900
49292
52469
50887
36370
3710
38185
50805
46612
7014
47318
27177
5563
4649
16828
24971
45166
39010
45774
35283
18819
50052
35109
2732
20824
36569
43412
45556
50607
24901
49731
47270
26807
36668
46711
36873
27151
38926
47175
39814
35026
2615
51072
48950
35189
26804
50274
48901
49620
48460
26720
17502
46137
50320
747
44651
45333
32122
1583
42987
50983
48698
2200
31505
52080
26780
44757
2038
24266
11740
25556
826
25805
4390
14793
773
49418
6784
48732
25432
27222
35242
579
372
46635
50881
44873
45429
34779
46504
36926
49836
26456
51209
196
685
24957
44060
47099
29057
1018
45671
51353
39440
25187
47175
46824
46061
38091
25951
51615
46579
49359
45580
48723
25447
35919
24537
45028
50120
27175
48010
2577
46471
48572
27440
49444
25727
4036
3018
37203
2116
40778
44932
33655
26776
48769
3118
35812
1515
45670
27700
15778
49304
37611
48730
32478
24438
48076
28444
3353
1397
774
52034
1806
49230
47802
46560
47068
7260
25898
26952
27803
1034
26015
46095
50817
44948
2499
656
49585
50590
42866
11424
36922
36589
28904
850
46554
44746
36568
37212
2498
21660
29304
974
45503
4110
16994
4505
35774
50601
1846
45007
51952
35414
993
48782
35562
48673
44895
597
5597
30342
51256
7718
46652
704
45791
45752
27513
3352
37223
26848
46877
49386
35540
14867
27220
8
46698
5567
51906
24075
2292
25632
2331
26549
17920
49594
1841
37528
4287
954
44730
48784
25700
36190
46638
25590
27474
45425
37159
46804
50336
46846
26691
26813
35509
49596
51233
45548
26072
26990
17508
49614
49629
3350
44961
26117
6746
16098
45751
47395
38289
24699
49084
50464
40027
51328
46333
36414
26031
44744
2771
51095
45052
47280
36054
1468
51194
29442
15976
50444
35730
47696
28978
13847
48793
46525
47142
35696
45701
47254
50640
24309
3638
46607
31587
51133
24204
46819
2806
35525
7531
45557
4742
4162
26526
35247
35268
46387
39000
46818
48122
39995
35759
5022
21592
37235
407
10578
47323
1689
46883
17544
36517
49655
35602
52122
27092
48688
44917
5511
50936
51080
41175
38687
46433
26649
35653
36309
2861
49220
4597
4467
11189
26888
27651
48845
30324
48420
27190
35543
1327
48965
26248
35402
28538
36131
26709
174
30015
28314
15698
31904
47321
39891
17062
1911
45600
49383
44872
1156
735
35605
27087
49461
47090
40405
5509
24811
50692
50382
46009
50043
27405
36734
35748
4793
46743
4086
49038
21266
7405
50530
27442
14626
51291
36224
26495
21355
51220
50254
50117
17694
3365
25887
51288
2829
46162
4195
50011
949
50030
4441
49053
30065
41057
46363
35298
46494
25074
26264
49391
47262
25390
28992
47029
49597
36511
26803
46570
46625
10987
1834
50708
47037
10555
40218
51971
46797
50850
44878
47453
46499
45744
30631
950
49892
26840
36199
35901
37274
4319
46048
48864
27448
50366
50438
44686
30746
16307
45828
33363
17954
18522
27665
2966
50969
27346
4773
1015
36077
45648
46999
50393
2798
44682
48877
45714
43938
50949
45957
48691
14011
40543
48959
26739
49431
44685
45133
5566
51113
51780
50519
22550
45582
2312
36520
44706
47070
44849
26577
46873
45009
50584
48804
27399
2045
35648
17373
37325
29867
46379
46519
3675
46487
50729
36963
25591
14732
17478
45022
36812
26893
4364
49211
35580
51154
37198
48644
30333
48808
32357
48608
47338
1929
46179
10075
26478
46425
49694
3854
27433
49305
4722
46724
36119
37336
50764
46012
26484
46917
1817
49439
49523
48685
27383
50289
46940
45220
1607
44877
4673
36838
25584
50261
36428
51871
46530
46242
4575
46271
49080
32119
35558
659
44812
35292
839
50522
45137
2581
2338
49400
36010
49324
46558
50889
49157
50335
49115
47025
37650
36494
52378
48474
26514
2934
47320
37201
50403
47954
23696
47392
27675
45874
319
45027
35399
3373
46441
49151
17388
36103
26496
49124
157
35212
26638
51326
46823
38229
48951
49593
39734
50017
36041
49255
45420
35077
51362
11324
25616
45647
48666
45164
25621
20954
26581
51710
46071
36945
44882
8295
35844
49627
48039
15722
37278
26679
30634
45991
48565
35061
45778
33511
48728
47049
46312
51770
45008
50064
26098
34436
49066
48829
25990
49988
51117
36419
36710
27225
32912
46129
46345
45126
44902
2944
45504
2772
646
50303
27
28051
1506
7202
27215
27301
47218
49070
35062
29798
44795
1304
1333
49288
5936
21766
49073
26576
36171
35294
37353
21744
51164
733
21499
49758
49645
26374
50801
3779
29643
46054
27056
28938
46378
36500
3575
50222
26981
50527
51891
49682
49709
31598
25841
27198
36760
47147
45229
25570
27308
50570
169
39745
44808
24832
50665
47097
46907
26676
604
36930
29344
38617
35424
909
44917
35129
2205
48846
3260
36700
46067
46542
45362
35981
29259
28740
27398
15042
45165
1481
46885
48575
49298
50432
46692
27636
44762
27599
46319
44905
27244
26135
48232
49982
37215
45001
50778
2399
50234
49957
11541
3601
1612
24926
14004
49526
36099
46707
48445
26905
2907
52563
47660
14591
45568
50907
46073
36806
48700
9633
34350
2201
35220
17460
17437
47051
1497
44787
48714
4434
6783
45426
45441
3374
15743
47404
49223
48912
255
46189
50891
25984
48856
28587
1193
24789
44651
4191
48849
45048
1923
49584
14332
47913
49091
35192
15410
3342
46364
44920
48906
2066
37146
26224
27910
49581
46357
46069
46272
2993
14
52083
2203
50085
22368
29149
45293
48966
35170
2801
50319
26152
50609
3856
47525
46994
46842
14624
50257
17445
45715
29400
4426
14561
46409
4385
46367
45622
35896
15018
574
46344
51197
48947
1155
1572
35581
45432
48815
50656
49701
49004
1302
35933
36204
35255
44893
48840
40953
45652
4989
51548
50946
50607
51281
48852
37518
3264
18524
48393
52206
46412
45159
26414
48669
3715
3256
51407
48655
2139
25922
3868
50988
39491
50018
14534
48750
2523
36508
46973
1478
26071
50813
51985
27262
47265
27462
47657
37065
27565
13510
38293
3814
26391
4899
44964
44911
5487
44831
50866
47314
29308
45997
51057
48926
797
42961
51219
48942
45636
35373
30913
27085
35426
47793
24757
36017
50045
35359
50119
48310
37213
48791
40154
3594
2667
49959
2903
46683
49976
37340
1440
4563
32950
16980
28773
27213
27650
34125
44705
2931
36518
52032
46366
5495
48870
45369
29043
36574
9839
48895
50753
5602
25743
46898
35057
878
49501
45237
47316
49393
7213
36005
51611
47239
50332
47275
32604
3563
50395
32144
51596
3209
27653
531
3605
49391
50315
29315
44830
48865
51264
7298
49160
24297
36679
37033
41498
47945
40180
36144
6147
50621
1216
42203
44708
50227
29803
49327
28394
36815
27648
44675
50456
35650
45894
35232
1106
27450
47137
44662
46769
598
47360
46445
7735
46642
52170
35403
1026
50411
50327
45727
48736
25869
47125
49971
1885
48955
34042
1491
51784
50494
44813
10135
47729
48579
42992
35406
27628
36296
49514
14
39166
25675
36413
2642
27567
4267
34504
35708
3284
35920
46103
21339
48038
50446
27365
25600
28884
36364
45301
45193
51477
25698
50087
46434
49632
34888
47531
3578
2530
45235
49623
25875
50650
2053
44906
1337
51245
27701
50321
51441
300
36877
50072
51239
48971
37007
51042
46678
51102
36476
48902
36849
47282
50013
42085
37875
1614
51637
47122
49565
50005
40179
1722
46000
45679
50732
35423
27259
36971
20988
44918
44872
47557
50645
4040
3259
52483
48937
46001
1908
26220
50428
27949
27891
25629
41447
50015
46626
45388
36315
911
1321
3917
2476
5494
24964
2823
27558
45153
1420
48863
25965
7007
35253
1443
35705
51448
48751
4447
39229
50510
46332
45013
50039
50877
36394
729
30991
952
2025
4047
49753
2235
50028
26721
4091
36823
26959
35666
46488
35121
44695
48982
47220
24947
44887
49605
49887
48651
50515
48998
1924
46361
11400
4442
48511
15733
482
25790
1221
3945
46183
51913
2897
29553
45498
36819
45129
26366
2964
36319
38883
35826
46328
15713
45659
44728
10703
47114
3269
45260
2806
48990
45624
28745
45329
46454
41170
48150
8638
29901
2997
37187
46843
3636
41444
47159
50781
37593
15788
47399
47477
46977
26552
1883
46358
49960
44855
46493
48959
44688
39737
1345
2191
19054
49143
3265
3268
49074
38902
35075
46694
49105
46250
46024
10898
277
46596
36141
50595
46172
51175
41505
48868
25797
1947
50040
25577
1189
46859
7320
50447
37015
35033
51007
46931
43842
1437
48746
46510
46855
50408
47330
35180
3053
50460
35299
23976
36202
2497
50815
25961
43
922
47287
46526
36372
2494
48720
49135
31922
25945
46490
17406
36899
44933
26483
37089
45992
45435
50998
39861
50451
32711
38334
51946
50595
756
46362
27068
44679
36818
34680
25890
25484
27902
44970
52213
49318
7231
46093
1897
48891
47261
51178
47063
51090
31991
36985
43652
49987
3357
1934
26904
48953
1487
35214
24469
51087
42900
25849
25541
26027
37268
26091
28271
4718
46421
48847
3947
35608
51240
50600
46835
35915
26518
49790
46551
50806
3624
27276
46270
52153
36992
50916
44912
42515
578
45082
45252
48682
3560
36209
50479
10765
49363
49638
36178
3889
51224
35657
51244
48731
24140
36343
49616
44802
52316
48694
2299
37273
36014
50304
951
25409
26985
50490
16342
49706
1051
4116
35037
37633
27552
50509
26108
50563
25567
50596
765
51055
15775
41345
47116
49030
37277
24301
46226
36345
44910
48987
49397
26077
45920
45566
45690
50031
44694
26684
4478
7326
51996
45437
36229
35907
25553
48789
35610
46224
44689
25619
25957
52331
1914
2202
49516
48940
35597
21294
35196
46447
45571
26112
13243
26576
26458
28791
47512
934
41387
7106
51687
1388
44411
49505
50397
49145
436
3788
48647
17486
35534
48431
49488
18282
46705
45667
50149
45447
45565
49172
45120
36792
25801
15720
1726
51119
46905
633
50641
47044
37056
37285
14594
45095
411
3651
38973
36570
46164
12036
36824
49884
45086
36571
48525
3886
27649
49950
47887
46663
1958
45046
52015
49995
102
50369
32335
26635
50358
49952
35909
17491
49097
46128
32995
1183
44716
27075
50338
51721
41987
47077
264
14518
51089
45928
3396
49378
4131
36777
28869
26862
36463
25863
50812
49149
50537
47205
35879
26812
35084
1931
37136
2978
35240
26134
26296
44667
2904
25739
25852
36916
48653
45535
44937
2479
35165
37310
52509
47133
51851
26196
49872
25028
50668
50232
30686
2626
35256
35778
37295
36748
4380
50351
48957
36080
48961
27452
2602
50329
35211
4776
23651
45377
46521
26520
35036
4606
1175
42346
46956
51128
4332
35908
44729
29425
50982
42058
48867
41370
4230
46880
37032
45273
3250
35134
46438
1283
25879
49182
45436
45662
46255
48744
44918
7265
3589
44962
3922
1673
1070
46621
27000
25550
39378
48690
2739
37324
26420
41688
27590
1013
27187
32655
45423
18936
52281
30430
1006
48939
26794
49999
46909
35386
47269
3634
25825
35208
49780
27128
35760
50831
51797
9622
48892
46232
25524
27104
51227
46680
46015
51208
3932
34475
48057
44927
50026
10639
2077
35835
50314
1081
45525
7410
7033
35193
1377
4954
47419
2723
35158
1375
31718
26344
27751
47850
25992
36727
46853
3006
45439
49409
27580
42296
1649
14088
50914
52530
46077
2532
1559
46457
48860
28377
2505
40372
8922
50838
48980
45257
49121
37451
50161
46094
19835
14119
29282
231
46235
36348
26360
46933
35176
47236
35312
49658
27410
50029
24098
48615
27282
39282
35713
51180
48164
33182
50856
45135
35513
45816
36426
45708
14653
50895
1496
24804
45656
45203
38595
48027
40458
1853
21918
46002
26927
50211
1651
47196
36201
45935
49684
25461
35267
36885
43847
12608
46775
39535
17439
1905
51083
3305
1791
46107
38307
27314
45740
45660
35861
45490
2215
1438
1274
45906
27592
35716
45150
45363
46829
49250
27143
573
52108
44942
50010
1135
35171
46031
45967
2706
25450
26701
161
46479
51002
50870
2561
13919
44673
47483
49392
1459
3137
51021
26463
1698
18046
27589
46698
15782
46330
34426
50276
16996
48704
50344
48879
33728
24710
13947
25578
35471
29302
27133
49319
44988
44826
36997
25588
27071
37028
3869
45743
36943
25764
45669
50528
969
26226
49628
4277
43666
1159
47263
51027
25928
29361
11236
9496
26164
2541
4466
941
47250
25907
49786
37044
50050
46863
25462
27695
49147
11293
25901
33492
