21786
13514
12171
20409
19499
7983
19139
489
23272
17679
16963
22535
15816
12479
12512
6570
16919
20161
16515
32
12234
3351
25125
8113
11628
14322
90
3383
719
1196
19330
10021
14358
5537
22404
7292
2622
6500
19737
24962
23863
1457
6897
7367
22544
23169
185
19780
17392
22542
10323
9213
15976
17222
21551
2746
16535
22097
452
19327
1324
4601
15953
3415
24281
17933
19431
19238
20184
24040
1364
17990
13767
13381
4917
2990
13553
23687
10198
4876
8228
4089
23515
13485
13080
16805
20313
7001
22580
19434
2584
20900
25109
25217
8336
5750
19811
6764
1809
16074
13537
987
4054
760
16717
18653
19497
7684
15762
16110
15969
22986
2846
16482
10338
20177
12759
9793
23049
23670
17967
22789
182
25234
667
19684
4549
19589
25057
18437
19300
8266
19705
13878
8037
13071
594
19755
22779
20194
21621
8166
13188
12505
22246
13048
21193
13154
22179
1187
25024
21253
19288
4001
6983
6484
16539
4561
9697
23997
5792
23758
8698
14630
1132
20125
8240
22442
8115
14761
5972
19846
1855
22786
24940
11310
25274
13903
22905
2154
3835
1561
19635
4461
32
22467
22735
2593
14292
6893
11843
19132
19842
22247
2754
14647
5639
19128
5534
25002
2841
11448
13159
5456
16073
11819
13465
1723
8197
9845
16529
1997
6142
18238
22112
22723
22335
16013
14347
14563
10274
13596
15956
23843
16583
23026
730
19384
22593
2066
3120
25130
16621
475
14022
14823
22129
16830
3709
6622
727
16442
2794
22398
523
13745
4072
7676
19006
8593
14093
23160
12690
8892
21691
9344
4350
15970
2415
19046
417
24352
17139
11251
9779
17319
22479
21847
17121
14009
19775
12103
6474
9925
4839
14102
2475
5498
9902
23134
14957
19283
3676
25267
2769
23617
15228
22925
24740
2906
14192
630
13258
13740
22785
20114
957
6966
19037
21542
3052
22946
1513
6249
22633
5765
16697
4217
6866
119
10389
22458
15253
7308
4266
12413
5520
1660
21545
10499
25082
25054
24293
7115
19526
2946
14328
8296
6617
10838
10
10080
22540
18377
560
13843
15836
3313
22539
10538
16787
14160
16720
25120
2402
1738
14189
19308
541
2608
22068
16363
9237
19862
3666
1069
19642
18354
23574
24162
4305
3846
22671
373
19920
20090
15019
16031
19745
5489
513
14016
5927
949
25136
24088
2602
23
9740
3772
16608
12085
9728
8068
23019
2299
15975
13819
22092
20276
1243
19600
22106
23156
16636
19314
706
7739
4296
4784
2798
21865
2106
24331
15267
16858
6020
22639
25006
11817
599
22532
11145
20908
16107
836
22102
18551
22405
7261
13140
11374
13636
18356
24034
13110
5656
7006
11964
19770
16455
19519
22586
18972
1158
19999
5113
24341
3636
19740
15937
21794
4309
1836
9716
7300
5592
803
13568
16395
1417
69
12137
1366
19023
2970
20593
15938
8147
16711
16217
20384
13611
12014
9119
16308
13312
23424
11660
23461
23140
6291
25112
1800
263
16510
21157
376
19104
14993
762
25174
13324
13649
1287
1941
4951
1889
11208
19279
15094
16614
24173
16734
16857
25167
16769
6370
21344
13275
12079
13546
20646
7368
11429
21357
3109
16845
1574
2902
551
22345
19837
314
2782
7795
1010
12883
13808
18270
11987
19291
9987
9796
7595
8110
9721
445
4470
13135
1004
13816
547
9731
6315
19446
14922
20473
1541
1926
14971
15121
10192
16401
13801
2101
7148
9332
8144
24182
19992
22413
19700
20353
12974
1026
175
3686
183
4536
3155
11979
189
13494
19184
9751
19281
2969
12357
9975
19354
19189
22158
8312
25009
12448
3289
22188
9564
25264
11343
22409
14941
23389
305
20229
21707
14505
9750
16317
22313
496
219
13558
25257
16109
4130
191
1305
22674
2545
21653
17443
16035
19002
13727
22143
19728
8326
14556
23034
173
23349
19655
16685
22309
22795
22689
19181
13116
22586
17441
776
19374
7243
18951
8977
19518
18987
8171
13517
19966
18561
21627
11759
11748
19089
2163
1931
2872
722
19641
9694
5046
2752
14345
6311
3249
8338
695
19965
13709
16041
13569
4513
1979
23362
8010
2750
19749
9710
16030
9036
16149
21784
17713
2037
25285
24183
10601
22407
2389
19773
13932
13063
15972
22844
16765
791
16564
1811
462
19438
3677
2077
11968
2881
16526
14432
10011
18504
22734
1480
19273
23577
82
17094
17880
7981
17569
766
20
13889
5020
15025
2625
13364
2487
48
22132
12529
395
23343
25139
2346
20016
23065
18926
9189
13267
17792
1376
11083
4002
1656
13495
602
7413
16461
12131
615
18859
12186
16388
23794
755
25178
6146
941
23565
14986
23638
16590
13499
13019
16325
24707
13170
22733
9637
4239
1209
22145
1203
15965
13663
4722
19304
11169
361
3971
10021
6220
16262
22399
4835
19019
1265
1892
10261
3705
3714
24952
23692
2303
19122
15626
25121
10932
18970
22300
22453
15082
1431
19947
18976
2670
13204
16904
1591
33
6676
4762
13230
8339
144
9965
19322
25093
17315
19746
9200
10522
8197
7004
19584
22150
19777
85
20530
11112
10407
13108
16419
121
19944
6222
1358
6762
631
16250
18577
14866
21298
834
2609
21346
19516
16525
22206
4394
7387
17130
3117
743
10734
21875
790
23184
9830
815
20026
6467
2161
986
19163
24096
16611
22486
5611
11922
16179
19988
13422
16024
1422
17250
15148
12955
19756
12003
1225
2796
16448
16316
10886
23483
25215
13151
25258
2844
5680
13674
8241
23902
7246
9876
7361
13702
1768
16329
4230
7896
7495
20325
23589
13099
13018
11823
13639
7426
7800
22694
628
11035
15168
18260
22804
22186
9768
16544
13160
18531
19464
5412
2895
19957
19437
3619
17164
4793
19921
563
11382
7095
1365
12264
9822
23005
15033
837
23284
12527
8330
16813
18388
7491
20568
23972
13104
19193
15724
14779
5226
6621
7972
15247
9245
900
16665
16745
13527
22389
9913
15878
24190
25221
22326
23143
4847
4740
22127
13811
2613
13340
19005
25030
4476
9003
18242
23307
22203
13494
18114
19688
16229
16475
2367
22391
24119
1558
5931
22418
5687
22182
22082
25144
22215
19335
13733
1918
23582
1600
4336
18959
9283
19839
19226
1129
13787
13728
22666
7047
16520
6054
17165
19654
15221
19889
2848
2761
1599
11349
9530
594
6727
25134
21666
16230
911
1532
5358
18424
4253
14772
23044
344
160
22912
25158
11909
1414
11269
1354
13236
21569
6366
16319
3121
13471
8225
18869
16132
16887
101
20072
15233
12751
13032
22126
19074
13091
7177
105
1803
4966
6769
12170
16643
13775
23882
982
4945
5771
7496
22609
702
3127
5669
19276
19676
6031
11827
7156
1591
1284
16596
21248
1183
22812
19445
3894
6674
22377
10199
22291
16982
10013
1210
14860
16660
1705
3169
11940
21389
13583
3975
2594
3223
9050
23949
16670
12967
731
1908
9862
19386
3890
16741
3649
14445
7906
22060
11199
21161
13580
13378
5548
13672
16116
9231
858
12854
8865
20548
13403
22171
19580
2758
22608
1996
2240
16481
2147
188
13111
2365
22156
1458
19098
14196
3594
3254
14191
968
19514
24086
2828
25109
1523
11725
16984
6336
600
19182
13567
107
23651
9761
21241
1562
9640
1239
7821
12516
22385
2075
2007
5706
25233
13161
22328
23194
2352
21751
16607
23422
8974
13662
16512
10010
9480
18045
13562
16618
7754
23925
95
22272
24013
1837
2069
20634
4473
9787
21952
19257
10122
13997
22075
25150
852
12971
6914
1675
1233
1027
14167
13729
21432
4772
21704
13519
7858
17200
13115
310
13550
22709
20992
5767
16081
1479
1792
23115
19927
20218
13751
4782
15329
16565
22969
23950
1197
4560
19491
8086
8719
17510
9058
8341
15066
8518
5004
6267
3836
11318
1817
9631
22713
10072
9733
1791
2386
19231
19109
5426
1888
19051
4539
19470
3877
23648
10041
24972
3250
9883
21808
19596
23339
19111
16027
4918
7101
24222
9600
387
17257
2093
1703
6901
6675
23541
11264
16010
2540
25220
868
25140
21999
25250
23244
4450
4534
994
13813
11945
4496
1993
41
22537
16895
22969
7839
11894
13521
11158
22102
16554
11817
5163
167
23527
13118
14953
19138
16098
18688
19381
24431
14659
8846
22122
4297
12449
5613
16503
23414
19632
16510
12042
23781
22392
13655
4927
23659
16793
13866
8119
5283
1199
23884
24931
9764
19528
23663
15080
18718
18451
21401
15212
9879
335
2130
10908
21688
10867
19100
7867
1760
19015
552
4600
659
10030
16718
135
9891
20525
1843
2271
9121
16156
3271
16656
17918
1226
7795
20059
4357
147
1767
19736
381
3924
12977
14631
352
3148
16505
28
9884
17422
13625
8181
19207
16949
16693
15931
302
13851
16933
22209
7302
16496
13664
23961
2222
13660
12090
3171
19157
7039
21781
12735
19829
15159
19376
22077
16382
10762
21213
11538
20562
18478
13589
16672
15224
797
13634
5993
8014
19409
4121
19294
18480
1241
1770
16787
12525
22178
9352
20303
8259
11621
21870
13945
16148
19714
5609
3984
1870
22101
12951
16832
13484
45
5442
21857
7878
2201
1215
17075
4960
19757
8314
13152
4050
9786
2908
21337
16533
1529
19325
24994
4776
13685
9593
16561
8106
7747
13000
13296
19210
9467
3807
22641
13313
616
5309
24010
13718
1308
16538
8160
2375
15939
389
1334
13738
23255
13456
16453
13665
1943
4526
13231
18053
21741
16777
12984
5088
16099
4467
4433
19606
19142
21550
441
22958
17202
13671
22047
1241
192
34
4748
15
23002
20182
15296
22450
25277
24948
2175
12442
380
22396
16146
5760
23985
11097
23364
13837
324
25055
639
8359
15023
22841
6667
16467
3781
13326
24152
22636
417
20005
14201
8065
19991
7806
16242
22745
13913
19585
15987
21771
8018
19239
2100
578
862
3916
5035
2854
18709
9641
9498
22176
7979
10317
24129
9698
216
16585
22743
18574
7601
22076
7522
19400
13970
20206
21744
516
10878
22280
286
22384
498
10126
16617
12903
16655
16810
22074
16874
8562
15241
9727
4464
19627
19028
590
15
16786
19297
10046
19240
2014
22874
1871
1104
837
16077
975
21976
22814
16886
16927
955
309
25162
313
4352
22578
2080
915
2756
783
23976
18947
16039
25265
4533
25283
6458
17096
12237
13627
23039
2344
24684
5690
12303
16910
7465
20999
19266
22362
7667
14117
16729
19264
25141
524
747
13310
18658
1124
19994
16989
21
4372
14185
19782
9998
23968
16162
7013
15945
22195
20167
21328
12240
281
22
9796
8264
1808
25019
23388
18198
22732
13837
1432
11429
13196
25151
22655
8323
186
12938
1615
598
17919
19753
15954
19626
5461
13512
14765
4294
4617
20000
2266
166
5568
16085
22716
1174
3005
8810
12641
154
11623
4672
13891
13335
12009
22058
16555
633
13469
14609
3854
25066
4291
22782
21676
25185
13078
16075
13574
998
129
23113
3057
1553
13802
22175
7532
14190
25282
13328
16946
16737
19191
22963
26
21671
18993
6310
5463
147
19152
15069
21479
16463
25156
19513
9051
3827
6375
24337
19284
14725
22595
12867
7190
19946
9162
13690
6350
15586
5682
21799
3794
22557
19283
9886
15529
13309
8313
8069
22415
22437
3455
10119
2595
16922
22798
2936
12117
13617
25122
7357
7085
1794
539
18957
9228
6596
11997
10272
22586
1991
6468
1444
4031
16994
1483
24226
7834
19102
22061
184
16427
9681
22254
5679
22798
9682
19262
10835
10008
13965
19748
1797
16705
19482
20010
19529
13083
3485
24628
13747
4397
16719
23155
18380
22607
12036
20079
19883
19029
10145
3055
21499
17496
16521
10574
295
15227
23724
13823
16806
20196
22152
5657
16080
13944
3114
16699
17019
20189
10174
11145
19850
2411
24038
15249
332
22072
1247
20190
20935
3987
9978
1778
15160
4247
16758
12986
17904
19759
5953
2913
4262
22400
13701
9824
21892
18985
25072
11636
13742
12096
20658
6241
3615
12976
23118
2084
13588
7183
13741
10231
24033
9394
4049
19318
20622
13043
23849
9547
2717
18991
624
1258
1204
7493
3973
3869
13339
24990
470
13331
7940
21647
23668
1272
13218
14200
16553
19598
22243
350
25071
5521
6741
13939
9255
22546
21713
10513
21994
538
16736
19811
1628
21034
22187
18098
24989
2157
2111
21188
22249
1025
4481
16931
17859
22357
10830
3571
21822
8627
6152
276
19441
25182
103
14199
10994
4914
22282
17808
17426
2065
13778
14815
23127
16124
13551
19711
23081
16524
16576
25077
1542
13570
19465
16589
20172
19715
200
10690
22095
10029
18637
21470
412
23160
4457
1194
16658
297
22625
284
16850
2493
6231
19094
20994
5289
582
23225
1006
2392
17347
22157
16794
985
944
9981
2353
21710
9996
22764
22667
20978
22481
289
5200
11775
4852
5560
13721
9882
9848
14127
23344
984
4248
14356
4419
424
468
13168
21309
1489
2373
4740
1805
25276
18632
13695
362
16400
14103
3546
25269
10580
16063
13545
24994
15633
22386
18836
13803
19056
13572
22769
13451
1759
22549
1147
19309
19063
22582
4048
931
22205
1669
9630
388
5484
14938
10081
5545
6892
2419
253
7162
9672
20197
22454
22882
24070
2209
19293
5664
7932
4836
2008
13208
6172
22218
14140
5127
9011
23536
11774
13369
1075
5804
22482
7587
789
9984
24181
5835
22111
25252
4344
19330
22181
5346
16155
6737
23964
22287
16881
14314
16784
22195
1607
13466
9719
14220
439
1488
13829
2088
24817
13609
14166
13815
25182
13464
22811
22120
14635
625
18269
14627
5493
13229
18946
1212
17098
11709
20049
25176
13948
20340
4786
20611
1475
370
16251
3054
19031
6106
16748
1036
24760
13914
22584
21215
20327
1773
22695
24406
13492
11439
13615
13511
404
19103
16816
21878
1146
23128
1879
21272
9943
22233
19508
4516
3501
3912
9595
22108
25097
19052
20919
6367
12956
1922
19232
9956
473
16678
12983
17270
3255
155
13538
24891
25075
13249
3193
23215
7928
2901
2206
10116
2486
21041
5356
15163
15973
537
13205
14555
15061
2763
13821
17547
20629
20554
22951
13582
13581
19739
1679
4246
21495
16558
16110
17825
13489
22548
23266
13726
13571
238
6143
16078
912
549
19821
13894
13820
23066
10066
1877
303
20195
18335
821
7597
16593
8191
7053
2989
774
1162
13606
4622
1547
22728
25051
6566
19160
1914
19222
18058
5242
10819
21225
16966
12989
8085
25224
16721
21795
3089
6177
7163
22868
19382
22664
24255
902
22148
16677
23278
22135
348
726
10475
11345
13904
19114
18967
11699
25113
21035
24389
16439
1862
6417
11918
5271
20391
15439
21127
1317
18687
4085
23131
6902
24867
25039
17197
19953
813
16705
25042
15653
22712
2153
22355
3513
2912
13670
18996
2505
16600
2284
22043
22947
10460
492
25161
10602
2408
22096
5404
22484
12940
15056
19224
21618
5062
9448
22112
14190
275
24691
3241
4956
1061
12952
25226
13817
14795
16579
3948
589
11799
22583
17501
6672
321
16183
22147
1715
13400
20064
22116
2830
15997
15936
16146
25083
23154
4082
21678
12957
7685
741
16527
11910
16595
11595
14839
5693
2382
13479
7226
18066
5722
11282
9895
17005
14760
25033
16624
22653
16654
351
9675
958
22480
16271
13632
13560
18105
6615
8254
2376
25098
19190
1
8805
13235
2773
22315
15942
16486
9302
6662
22929
13717
3166
23147
19280
6109
23176
18977
13537
11642
19131
15919
13675
3047
19340
25170
23182
15656
18497
25203
19591
451
5605
21718
266
7627
23191
19413
18219
2975
13620
3170
1164
9858
13662
825
6956
18717
25171
2519
22707
16755
18307
17107
534
19366
6389
22597
22252
5641
13798
24317
6160
19591
16752
17137
9776
16323
19858
18995
18508
25212
905
24986
3037
2952
16723
16746
2806
13731
12266
5601
3322
24252
24323
16691
872
8705
7317
18457
47
18661
1623
24282
22261
1977
20941
3897
2174
25149
22617
5562
19650
19829
11826
2083
22458
10382
22902
1848
7218
2910
13593
3569
11299
8366
15122
6397
22501
5702
18349
18
8321
22383
19035
1336
13539
18712
11358
4655
19915
21665
22073
698
16731
16493
6942
3728
16197
18394
18273
556
23453
385
1433
9184
19460
8347
3142
2858
19198
19544
1554
22445
17830
16093
4112
22042
22611
1893
5030
13036
409
13869
171
22184
24365
14378
3554
19007
12881
19234
10000
22378
13554
18937
20176
19190
299
930
378
16306
12421
9968
39
622
9996
9761
18167
8756
1275
20527
9468
1570
9222
21851
7232
501
4989
8280
14286
3234
10946
13522
22692
13280
14603
4330
2342
25029
23690
23754
20162
210
5473
8825
25052
784
3947
7114
1498
12223
19149
18163
13691
152
1106
19342
13790
22149
16911
23944
5665
2149
12225
14663
19024
18403
11268
19658
1994
19594
10509
25148
2779
22923
20395
15759
2064
19682
51
10158
6965
4739
19771
1934
7510
3070
11558
24132
15977
16662
20544
14977
4787
8310
12671
25069
3951
24913
1745
1043
4388
15128
23983
13472
9948
19066
1648
21768
19459
22809
24223
2273
19369
12820
661
16519
16157
3503
9260
23152
845
5943
17216
22009
16424
21399
548
10566
18135
19296
11702
6180
11923
13549
14548
3964
19760
24702
857
19197
15582
2276
19564
12980
20899
34
25020
13475
14798
25169
5601
6507
20146
24026
13941
23907
17180
22775
19156
13806
323
16718
3859
23478
2132
472
5544
14552
19141
19467
1765
25055
975
13901
19455
22482
2628
22810
14697
23122
19373
19640
23587
486
64
23001
11935
10747
1412
22338
648
1651
21205
21106
18160
20223
18724
22637
467
16814
16592
8873
19701
17484
15176
16011
1854
13704
6029
13597
19368
22590
16327
12257
13909
22567
14652
983
1919
13712
265
19226
19110
425
288
13139
16040
1020
19164
20163
14639
2200
18737
20500
4226
1042
4442
16747
1497
17978
15971
2247
9950
9573
4899
18366
16513
13477
137
23694
7110
23839
16581
13102
658
25188
5747
13223
13482
5618
7266
11779
4833
18932
1784
19424
24170
15562
15265
18950
19779
612
9859
17737
19967
6253
19348
2291
19625
13923
4867
16743
13774
7880
7442
13687
23035
283
23830
22380
13067
13708
22026
25214
13614
18979
20583
13862
7190
22165
5753
10058
23853
1213
13320
1051
1659
25180
22065
25105
19812
19126
6726
22495
17482
13607
17009
17089
8253
16788
12172
8137
13197
7014
211
11786
13585
9594
19030
21894
694
15684
6760
6374
23935
23148
13541
11907
13035
6487
23551
6933
15236
9481
18010
127
555
10037
13446
7565
359
12810
24411
16398
8358
2807
13689
791
2979
13113
1267
19971
16038
8332
25207
8364
13173
435
16494
10518
832
21450
22136
271
2971
1075
16049
1396
12549
19954
20047
19106
13033
3152
16164
16613
22907
3362
18797
7959
21397
46
23759
781
3496
19462
17102
22229
13482
20049
25037
2044
7227
16364
4653
19175
24602
2028
16659
17853
2126
20130
22224
9806
12995
4586
20278
4961
18631
17040
3304
18971
5246
13077
59
2297
22079
22780
8354
8267
9769
8858
1753
18406
20193
887
1568
14871
917
16447
10489
23142
368
478
19718
25159
2856
6055
19385
21778
13189
13805
19334
16855
23293
8067
18385
13814
835
21472
6582
20179
22353
22724
22472
2794
16089
19073
5924
559
14535
16336
13112
22424
16326
19208
23173
1516
19511
16517
25154
15696
6513
25175
13277
1602
16499
24845
15107
16547
4651
20084
5956
22234
24724
788
18708
19319
848
6552
19929
3728
13687
5512
1932
25095
5672
17242
18696
19648
18726
20334
13777
17794
20202
11815
19377
1201
23960
23025
18139
977
18332
14017
18969
19713
6386
20203
2554
19165
8344
16485
18964
3048
4777
459
19125
5614
11502
17733
1339
15929
25166
14630
9259
16474
12739
1737
18459
16460
8238
8946
14577
14366
7556
14353
11447
19298
22232
20178
3844
19295
5428
16147
19038
19286
16471
13557
16722
21207
6032
146
4395
11373
1570
8070
9019
16445
10193
454
8371
8080
19277
21218
3206
1578
1223
3931
11170
16181
4679
18782
3887
22394
19758
6781
23005
9141
23033
19917
15979
23799
13756
24646
2770
1976
9985
20576
190
25162
419
12958
5294
16283
763
16671
25270
13128
16908
16559
11868
13449
714
20107
10416
22368
11616
18568
15990
23733
16573
1900
14558
9411
12045
5100
4962
13749
84
771
6837
5649
15980
7332
21376
19620
21745
8323
354
22808
193
14583
15982
9083
2079
14997
1702
10083
14817
15644
325
1900
2343
19129
2771
24231
1292
22698
13556
21283
12705
16076
16225
5389
10945
2841
10038
16056
8759
11949
6402
2180
10806
22319
11933
15099
1911
19586
18759
102
20129
636
3024
9451
24267
19532
23139
12519
22823
11829
19099
2337
16329
115
23931
16502
3460
1330
22611
12483
9875
2208
19549
15279
18099
6362
10900
1372
16469
11887
22519
22167
18334
3490
2314
20270
8595
16641
482
11928
12993
22208
5579
19191
272
15992
22585
19320
16847
19827
9613
16213
22341
1801
13746
25118
16960
10548
3980
11431
2844
21736
8300
22710
24312
17288
3016
22693
2851
13540
14895
25259
490
22085
23568
542
2112
16247
19107
9864
5631
8236
12129
14181
13085
9199
25055
1408
25129
22783
1950
14391
20744
19202
6116
1232
19424
16703
1747
22897
7202
519
11052
23440
11947
23099
6744
12394
18041
10791
25087
3062
20809
1674
6440
14568
553
2369
17223
25074
16599
2930
5941
114
1155
621
591
23280
13120
19305
19428
23164
1521
22349
1318
6681
19008
408
479
16136
3042
3264
19647
21568
2832
16815
24291
13736
17353
19741
9748
22350
12939
10406
15231
13337
497
22836
7023
21798
13857
12245
950
22126
6148
631
13528
2603
9833
4643
730
14851
22711
9655
26
11148
10319
16958
11733
87
22538
25143
23500
14951
22606
13544
800
9316
18134
1535
6571
2277
24325
4684
21960
6799
13180
21493
20199
5069
21251
364
1581
9850
1584
24790
20069
241
18089
18513
4722
16817
109
25165
6155
22366
6856
19826
2747
16698
3487
2736
14066
13160
9002
24148
14499
8307
19010
21443
3125
23766
13030
8159
17472
1558
6777
23006
12773
9651
12985
19624
6130
8991
16318
11679
440
20051
22509
13431
19146
1005
22339
23455
20086
4985
1293
70
23795
9788
3053
3431
20587
16641
19246
241
2336
10296
23777
18558
22796
357
394
18533
1039
13606
22747
19453
22296
16463
16326
13323
22142
8361
19594
8
22354
19070
23771
13195
1975
2974
17213
4649
20050
13715
13496
18011
17498
1262
16010
23817
18989
11361
19284
7158
20440
793
13074
1266
16812
5491
4466
22114
10527
20359
13993
16774
17209
7846
1095
13476
585
23956
4417
22848
16674
20052
24298
2400
18886
16728
4196
1286
22903
25152
19587
1655
2121
11237
816
1253
3803
22603
10811
19362
12168
282
1496
1087
6767
6671
19943
7044
4366
17082
483
19297
1179
16796
5108
12008
1288
13185
6167
19683
342
3784
117
25080
22110
19680
8257
10870
22873
14470
24355
977
3451
17
9854
15252
25275
1921
17784
19531
7574
9649
18475
14885
13082
13961
13405
2338
23629
10851
19710
25146
19751
1798
1031
19634
13725
9066
19892
12379
25189
3799
18597
38
16686
9018
18948
8154
23017
19815
22062
8902
5277
1721
18925
16511
13750
16663
25161
1917
11985
20072
4232
23146
14050
9491
13600
1642
118
5009
9894
20609
22192
8233
16769
21398
8329
18207
9902
2386
16597
20210
12835
22410
15383
16028
25061
3493
3001
22919
16478
15091
23718
22166
16682
11389
22347
19850
19895
19463
15278
2466
14225
25106
7607
23231
20228
5298
16853
16568
17078
16623
11821
22285
19793
2308
2857
23562
16190
3754
910
5286
16800
7126
1470
18733
13791
23182
13094
195
16702
13158
9890
6466
10153
2309
1990
5646
11723
24361
14667
22040
25027
22692
3395
5514
10859
16818
11379
1153
22031
12979
22268
19316
8384
6381
18958
12401
99
20323
18599
23075
21393
856
21911
3043
3041
22292
12962
257
2418
8365
10078
7448
13699
17068
16635
1441
22487
25012
908
4874
3479
7808
25135
16420
11599
4452
2235
12522
4416
5317
18700
25114
13580
801
5285
19312
12980
18984
19970
2168
19582
6593
20220
1249
2015
2076
22949
6456
8109
9752
13822
20081
16605
13543
10307
550
4170
21368
8333
23060
11932
752
21274
9513
15259
18564
1531
16820
16034
2978
13640
14739
11742
18217
3556
16891
12462
437
5293
19309
25278
23720
6645
12060
3092
14594
16281
2148
35
21747
1905
558
19918
4991
15002
16629
16466
6077
22216
14272
13608
16710
13214
4659
16144
22705
23091
458
7131
3325
689
18471
5080
937
13725
19425
19427
13089
14332
2366
13428
12506
22373
10561
2304
9945
19127
16310
577
19943
19506
14930
1834
4430
12419
10539
4522
30
11620
2172
16500
22117
19210
25153
5316
16032
11347
572
11736
22581
3244
6514
13643
3611
4187
11243
3323
16771
25127
14336
9656
1207
277
22134
13994
1693
4451
16594
22191
6088
16851
1637
453
7335
11481
1236
14720
11387
19022
16068
20225
13500
25059
9273
24819
3876
9580
1894
19269
4720
19211
20623
16664
19027
5192
23012
18552
20607
18411
16019
19662
7715
15680
6111
23123
22900
19244
19449
13352
3495
19235
23063
5077
13621
19331
19657
18968
21633
21650
21497
18955
8335
22327
10792
23785
19036
22379
16799
9676
9284
19858
14229
17890
22050
6443
22273
6757
10545
16282
14008
1863
20016
5496
12146
20964
19751
23481
13155
22061
18734
40
12972
14754
8327
16150
18539
13644
18950
13472
20471
16201
9834
18073
5711
19856
564
20191
595
24288
21559
3119
13288
15433
4520
9400
22342
13178
22402
460
3326
22803
20436
21642
461
746
22123
8986
22103
25133
17626
17187
22577
11971
16825
24798
17694
7139
24716
1198
9
477
898
23143
22158
13781
14105
18904
20286
22170
761
9293
15516
2911
946
10032
568
13483
15934
6590
21973
11129
13076
636
21064
7851
24829
1092
2249
13547
11889
21489
6426
16522
22221
11283
851
22857
16577
601
3381
13802
8224
10587
7399
21557
4343
24328
19192
2476
8046
1897
24808
8207
13498
6559
8856
25229
8016
9663
16452
926
9402
23145
6431
9572
2780
17043
9837
16165
14598
3576
98
20329
13616
22704
18961
36
4543
499
18395
13042
16701
13525
9215
7950
21104
7789
16696
22594
20971
16534
22214
339
14187
1013
19633
24263
13315
20566
63
1037
4842
16498
360
4848
9414
16484
865
2347
2109
16483
18233
7472
14046
23851
19080
23206
22701
7314
22096
19338
6575
22293
1624
16333
1384
24079
25236
3942
22700
4502
13669
892
18314
13502
2105
17815
2116
8136
1289
9781
471
2039
16252
25058
22116
13792
21008
3719
500
11339
11001
23576
21169
9296
1819
16078
11316
17241
11348
18983
13601
4864
13732
13493
7382
14169
12178
20216
13025
4682
2027
24493
22944
7844
13138
1776
16024
22019
12789
9042
6067
3919
20435
18892
18059
13
13625
15490
11593
4180
19106
20201
6404
14213
24584
24120
4705
16658
6141
2894
11786
1062
18966
23149
2029
25206
11143
9074
22303
14247
2442
6923
15904
7562
2777
17796
14397
1143
15072
1815
19750
10284
20947
23992
16259
21351
11334
17845
16639
3017
24876
13517
22323
11808
19918
2495
13619
20112
13830
24164
10817
706
24929
19313
1538
1295
13797
830
15756
17101
19167
96
17641
24309
4934
8373
11384
24265
1227
4382
21522
6201
3227
13962
480
780
5770
508
948
19436
18272
17103
24225
23237
8315
19003
24727
21267
24751
20926
2320
13535
4
5527
11144
12364
23023
18166
8135
16632
25045
17077
3067
16462
20770
13998
9525
13710
13826
3798
23313
12973
13658
14205
15364
16991
19168
442
891
23398
431
566
3308
22468
18604
1484
20138
820
304
13584
3
22266
5663
18386
10074
23506
12035
21136
16272
16473
18627
15052
9010
2772
8012
9700
6341
25214
23151
5546
17428
22439
10827
415
116
486
1974
311
12002
1312
22941
13261
1824
23957
5435
13556
9609
754
17024
21447
19470
12749
13559
22051
1506
141
5400
16065
7154
19494
22522
2295
15127
22832
22920
5968
8131
6153
22738
17864
22600
20636
1269
14421
19242
23561
17988
4314
17026
13602
9460
3163
8357
19996
13459
3616
13935
8652
570
1872
24118
7169
1279
654
17948
11
19261
31
2073
2638
20186
2472
24056
13911
16054
19744
19194
15952
17432
20231
7068
9080
1093
169
22137
19673
1970
23690
24388
2010
7129
10959
21962
25041
19241
5531
393
19364
21728
10057
6628
21492
14029
18519
16106
2839
15544
18243
24566
3741
17073
13592
22730
25096
13927
16334
25228
8340
9838
16488
13697
1295
18856
22412
60
23133
375
19121
18125
7550
1775
9778
25172
1467
10108
13605
991
13578
8733
23700
22541
22251
4325
25196
16472
10276
19480
6689
16479
16158
19249
16809
8096
14773
18999
23302
7540
49
1385
2795
13022
22367
24057
16740
92
13926
13515
2691
372
846
4142
10390
13014
6135
5890
25238
21832
2860
5338
22657
5653
21659
22456
9947
19829
13317
22063
22550
23865
4104
25110
10169
8317
18763
19851
795
10421
13059
6105
12824
19096
10037
3036
1912
23599
24926
7885
13166
11937
20487
10102
17293
15950
557
19746
13788
13528
25155
21803
17070
1009
4629
13115
794
1080
1141
16347
5500
14
16894
6295
613
13555
24998
561
15254
7
2759
2283
8301
5220
19843
14246
9142
16171
2013
502
1608
2588
13563
23135
22382
13867
25289
3865
15632
13679
25116
16104
10773
322
3773
21862
19711
13552
20082
6564
17253
5328
4396
4183
23963
18672
493
12987
22115
15277
3051
22450
21088
25038
9250
8248
4755
10875
704
5671
15180
5504
6285
1998
18196
22067
22704
19831
16443
18666
21573
12188
2339
24918
16735
19154
13573
15832
123
9977
19218
19105
1978
19977
21819
2797
10803
24390
24996
12067
1195
17221
19303
20018
1664
19171
25187
16386
2225
16495
14155
6228
100
13442
19474
4992
893
13784
14803
11398
597
20228
2164
13454
9841
6802
4035
768
2260
4029
19760
11902
1303
12248
1939
20188
17007
2896
638
828
22438
956
1054
13761
25076
4554
567
1524
456
17848
9872
3046
5615
24773
2401
8098
8130
4853
827
3489
12174
13668
10286
9651
21513
19394
24135
736
9148
13242
19214
16681
14592
19243
15948
16022
21153
12840
86
16555
14298
3063
4371
4109
400
8226
179
13699
19517
23
965
6537
13696
14054
769
24474
23111
15667
13487
822
13531
8987
13722
16602
15748
17343
16342
2279
5458
1981
21379
4936
22872
11811
7124
20170
8324
18177
4743
18540
9798
42
19895
104
14713
9128
2357
3977
12433
6153
2128
1299
8272
16785
9962
19059
546
25073
11291
23584
13707
12285
19489
7660
3039
2167
19542
9951
5507
22954
14151
884
21271
15906
2905
600
9857
6602
14278
25079
13443
427
19034
22969
18982
13457
18680
5330
9839
4697
10977
13594
25235
1476
19337
4834
25126
19535
432
19556
22971
16546
19446
2807
2264
20192
491
16166
7263
7668
15742
8249
16668
18357
4770
1878
22497
13031
5489
6145
25070
9905
12259
22589
2770
17182
21392
20164
18960
4744
16459
4426
2668
23517
22580
25086
16603
19452
19937
16548
12298
782
9621
16193
19590
6351
928
15933
20790
13226
22555
13602
11449
25129
22346
13447
5954
25168
11840
16275
340
4334
22654
13889
8258
16566
19632
13730
19525
18685
22712
356
22890
864
635
6631
2074
8368
13595
23090
15196
18372
14380
110
15978
13763
21250
14638
181
17873
1407
7698
379
3314
22094
21871
19326
6887
23171
637
11778
20508
1583
13883
9679
2850
5513
21577
2026
1149
711
13724
23806
8343
1342
16780
3339
6476
1519
14095
16888
25091
8245
4422
21593
1221
10240
20071
1078
37
18730
18154
16545
16070
15785
17271
16587
21395
8089
1881
13073
19855
11863
19919
22695
22918
11456
21026
18104
9425
9671
20230
17201
17032
4286
9704
22544
3514
13647
4638
17225
14780
9842
10506
8808
21473
20961
19200
12950
25249
23144
10822
9405
13591
23022
19166
5767
24286
5960
16325
785
6534
151
12013
13474
19574
25218
10437
13092
21608
11277
22668
19857
9845
24686
21838
1651
7376
20122
1988
15345
24642
16798
6297
942
19494
13187
16438
24984
23665
16090
19015
12261
13333
5236
338
7230
17029
24780
6157
999
2089
16628
469
465
16646
13937
15004
19716
18528
11790
22849
21347
21705
6563
4590
759
23037
24185
1050
16906
15726
17526
19752
23657
365
21530
4685
20150
22393
18249
13599
18061
9113
25224
8190
15961
12059
22672
16315
9646
13468
19487
16724
9856
14931
382
3272
9112
5689
15763
9314
2011
97
19485
15840
13716
22896
18278
5630
13575
13631
23290
23521
22711
1001
9847
16210
21616
24015
6347
11174
907
924
13148
15174
13856
16114
16489
7543
16150
19232
8911
13850
16932
16518
25256
3559
422
4801
18978
13775
19019
4978
20207
2173
22762
1983
9168
20830
23842
21893
16615
6453
20849
15207
17016
1566
13502
1786
10552
22435
1260
12996
6408
7902
25014
11204
1091
12218
369
488
1488
264
16753
13075
3018
569
23731
608
23792
12070
19628
3608
23233
22699
3080
14888
5388
10372
14530
1185
3860
3475
19879
7275
24020
22681
403
13236
10456
22278
16514
13488
15941
5738
10883
6156
12723
9906
16477
14033
18261
3994
249
16063
3463
194
22310
18313
24237
25244
174
10020
3938
21564
13590
16610
15853
16666
16941
13346
19062
798
19101
2070
6399
11657
627
23955
9360
6553
9777
23104
19964
2999
16509
12255
18586
11162
8149
1067
24822
554
16227
15449
23857
1234
3716
10140
19631
2958
7042
13646
15973
14620
25242
2168
5284
8764
16020
16134
10470
866
430
24283
7464
5325
19271
23848
8306
13501
22466
13820
14240
13086
24765
20111
640
8103
13939
25096
1763
13734
16026
1569
21020
16508
21599
3097
11377
25065
20209
6011
823
18500
4437
22297
1240
19490
10289
1517
1173
13207
18637
16071
10797
713
11844
13220
2292
7917
19701
23180
22408
21777
897
814
18438
22390
1397
3902
12710
4611
2923
12143
22632
2963
11094
677
13667
14038
20346
485
21221
4855
994
14676
13902
16849
22450
9686
19859
8318
17926
25053
22697
8917
15983
13222
13981
796
13220
11943
3660
13953
19770
16086
5178
19435
22196
12943
18986
1505
13898
20461
19165
6261
3028
19738
22048
25043
23218
7372
940
13322
2857
22821
19509
22240
16317
22806
14488
21244
4495
14905
8994
3507
21594
16523
3471
7211
13564
23334
22452
2093
1228
606
16584
16620
19440
21669
22183
1639
16552
19119
25001
8255
8235
2927
20181
19950
10014
15020
22357
13314
2380
19176
408
4456
20238
19743
13240
9439
22872
18949
19366
13093
10096
7016
771
1152
16263
15058
18739
16154
1559
20909
16714
19195
1011
16725
2331
7866
1540
1346
16625
17665
15414
18229
16468
25210
16892
20096
2555
21841
1514
4169
88
13150
1984
20662
20238
25063
23129
15111
12946
16079
6746
19566
13026
9507
19530
16574
13490
21461
8784
22144
11826
16549
15890
1357
1490
18345
15203
17909
1666
16313
23916
20398
9759
13415
25062
22351
15011
15712
20175
23485
6388
6646
8867
153
16645
22160
4818
25000
16188
423
16640
24248
13329
19524
19417
377
13861
21423
19527
6723
13020
22032
21585
962
23006
14911
13049
9432
18898
25094
14224
2749
25193
25176
12072
1353
9943
9300
5644
23713
1550
13072
7567
6553
10650
16630
3638
13753
133
25115
1115
2424
16506
5533
13674
14913
9172
113
16331
22256
511
9881
374
16332
536
25197
3959
2355
19060
19145
2159
21502
653
2621
16612
14242
20469
11739
16216
17883
6425
16937
22724
150
16714
2020
2213
1352
16320
1832
16707
25288
380
2246
3378
10329
5785
19469
19787
13079
16898
15373
9770
4174
20160
951
22584
6192
797
5351
16504
17321
8738
16575
11150
25223
13434
15701
22225
1123
22792
16651
2771
21278
8376
19238
16706
4413
23132
13702
24031
18682
24049
22537
16609
15243
21182
13780
2214
22242
15705
16044
17141
802
1323
13045
23116
19367
16465
11087
5776
13054
16953
22274
21520
21323
17868
2836
6899
24081
2843
371
3003
7076
20295
16863
24
15691
14219
16863
8978
3094
4092
6065
8377
13311
5124
20760
17528
16690
21047
12457
7650
5525
3572
2379
21508
19948
22212
18975
13453
8325
8092
13055
1945
14273
1167
9783
384
22979
16476
22572
17379
22077
16801
9206
9058
20237
24369
1865
13884
474
1316
20263
4752
908
16451
17376
5684
1981
9781
10114
1156
13577
24191
2650
23082
19041
25287
16692
13703
20180
11464
712
18254
3978
13211
4164
13516
19009
23162
385
21600
25204
19854
9971
14689
19636
9331
21835
1671
20615
7471
1898
1576
10952
1887
9098
20853
3837
916
18037
19597
25239
25123
21532
23275
1359
19833
13529
13478
21965
3889
787
22708
6146
25107
15050
217
13183
1657
14443
13325
23942
3617
8175
634
16163
15872
12978
22400
19205
23126
2785
25184
20479
15664
19136
8078
19502
4152
17328
13214
22219
18401
22180
20249
15271
3056
4123
22678
18941
19484
24909
12682
23704
22582
20531
1455
13908
9957
9861
14861
3283
8776
16839
22349
2351
13270
18735
9239
24143
14586
22805
1279
786
21287
1796
3705
19143
11140
15951
765
15946
19442
19790
13119
2488
5652
11441
20502
13084
12121
11182
16909
16811
11153
25003
19018
16695
23183
1136
3336
9914
19087
24270
4321
2568
2038
13598
718
19
363
4906
24747
182
22370
