17338
12098
18470
4247
14344
11715
7267
15098
16441
9798
22692
22315
10014
19466
25090
24266
4203
6113
6149
10189
7265
1135
10390
11174
25290
23438
15059
8323
2521
3452
10774
666
9169
18140
8280
22631
13812
1322
6512
7795
2902
8122
4810
15242
21500
16874
20208
8911
12700
18849
23923
23389
132
25190
4539
21646
24078
18278
3488
13877
24172
24951
3998
25218
18929
23386
22556
587
3869
12058
21109
17222
18594
19117
13497
12499
7336
12297
1741
11266
7906
13347
16935
17465
4786
775
11941
20573
22881
20302
15122
15706
3299
6171
1274
4520
14275
19889
8207
22166
2318
11281
19578
18944
2263
16517
19532
16091
11776
19014
12866
1033
7713
9835
2883
7320
168
1223
15891
16013
3741
16503
20496
21838
19179
10266
21379
6896
10827
16832
3489
575
19740
19405
14558
15168
24050
9439
833
1858
7424
13561
23963
13689
5513
24100
1930
17906
498
13183
11342
14051
10382
24947
10325
24187
15634
578
16856
793
19323
21648
13842
209
17204
19996
17152
11375
17233
19142
16576
274
20293
1318
19140
9192
90
18208
672
1014
4876
13246
11276
24271
879
6401
19395
3328
16479
12461
3893
24914
14207
5116
3957
628
822
8197
1266
7603
7231
3256
20089
10421
3310
9384
11120
3339
9848
19823
7585
13932
2444
2520
4112
4693
12197
5006
14019
13511
2097
10351
4116
14732
13295
24233
1460
19361
21545
6474
14054
17289
8367
391
16759
19148
17467
19523
11365
21097
5791
9268
10919
17319
21477
22020
8255
23067
15055
10528
23547
22452
19684
13845
13179
13858
16558
6602
23987
20916
15330
16333
8045
14622
13662
4979
25157
24339
10057
716
4061
14365
13454
17035
16456
3765
7557
13690
24740
736
17536
14846
14760
390
13758
11428
7921
12294
13123
24148
19029
9119
16649
22896
16864
12956
9941
23936
8308
14753
11348
24643
388
13232
19138
24040
15929
24023
1975
24944
1785
924
18820
19402
9189
13086
15406
9590
15730
8161
17939
24731
3969
18683
20820
11687
20961
16165
18850
8612
1998
19238
9138
3661
12248
5399
18601
16838
20307
578
24329
7335
15984
188
11052
16604
18065
5879
14178
7986
18671
14643
15264
18703
20521
1707
23395
24901
3808
14135
17235
16092
16550
19365
6692
10020
19085
7989
20627
18004
19986
15704
16315
22905
11873
15483
154
14597
22538
19089
24243
3601
23834
1933
16706
5641
2975
715
13800
14477
18325
10008
1041
16938
3966
19793
16088
5792
850
9362
15024
1769
18442
13632
13782
859
23975
3676
9950
25269
6172
3191
14146
21635
603
3263
657
20456
15983
20513
20577
2276
11135
16811
25189
20174
3047
19841
1777
9228
7275
6893
17136
17930
8159
13617
22430
12676
7872
2545
12121
8441
12028
12881
13030
982
8729
15545
22058
4304
19158
7563
24879
21327
495
21577
15090
19155
22421
1140
22073
18681
627
7334
8762
8379
6682
17121
13898
22017
13634
3554
18780
13525
7482
10182
15354
4571
9794
5226
718
3092
19139
13717
9756
22350
15247
4890
23008
174
19227
7127
14441
24191
8297
4880
1648
23121
22364
13954
18474
17043
10037
24252
1210
11083
9829
423
11236
5071
18519
7004
2596
10074
960
8202
17793
14021
15210
19279
23104
20758
8263
21617
983
9652
16438
1735
22586
6331
9922
1365
6019
19625
19372
17090
5753
11995
22381
12876
13770
19222
23979
13169
5078
17325
11220
6691
22359
22811
24791
16047
6801
1978
22092
9954
8385
16181
2193
9118
16684
2079
6947
66
430
16941
18549
18580
23707
18825
19549
16859
352
1403
18100
11813
18543
178
21645
17820
6895
7372
17773
7842
20199
22445
55
1434
13524
14172
7828
1733
6727
730
20544
4433
2806
19748
8228
7236
5628
3858
22238
8316
18539
13096
20613
9159
811
15693
8200
2946
893
8266
3791
12298
21365
7317
2217
22060
2848
5514
22123
15310
13084
14392
25256
5589
16034
16135
22032
1956
6581
24722
18058
11864
3643
1489
2524
13670
20113
22485
21736
4072
4898
9838
9770
22076
6741
9771
13890
10519
19133
19443
20536
1439
18647
22458
10978
19298
15422
8324
9250
21777
18990
16814
1695
18948
16030
431
7958
382
15118
19021
8335
9816
5910
1262
9387
21442
24426
10005
51
198
661
18280
11891
9449
4573
16432
13048
21319
4707
1391
22783
8165
3068
5506
8737
8517
23
10212
3459
11346
22929
15428
15252
24924
14017
22415
4754
4181
18844
12235
1065
15701
9123
21096
24320
7359
9616
16650
13320
2861
20660
13687
1623
6353
18979
6222
8608
10580
9479
14103
11934
13998
10495
14905
25167
7855
15352
10296
16522
19019
7471
22582
11450
618
2067
1839
21442
8947
11142
16718
10407
24229
7433
4781
25112
16726
5447
16010
18511
1315
16675
1773
1169
6710
25228
5549
6346
8732
23105
1435
3781
6312
19847
21153
12065
11597
572
16197
508
24199
22616
8746
25054
15163
21784
7960
13619
16460
15831
3783
4673
1027
549
15824
10354
1230
24293
8702
15627
19428
5281
17278
6584
10539
6535
10024
21893
22571
6659
23690
19347
22584
18995
18231
7393
431
19701
18973
8069
19066
23693
21849
14048
762
21526
2314
16391
1899
4968
23468
16150
22265
21258
17445
19711
3837
16511
16635
15345
24710
9001
2794
25121
16874
23889
1417
16236
19687
12214
6186
15867
14007
16981
13889
18835
16665
1752
3455
2362
144
4742
19757
17174
15919
19600
22378
12080
18783
22400
16554
22375
4265
543
14532
13207
11133
5237
4298
19360
3917
7668
1539
2800
3736
10986
13264
24122
3067
16214
21220
3153
1412
22100
20366
22218
819
10007
11453
9861
4200
21921
24049
15691
21675
21461
22610
16590
16215
467
10601
13584
1422
5517
9774
23348
17796
16842
19735
3567
13502
299
18581
25027
22547
22361
16851
18232
16892
17068
19931
6981
13730
12239
797
6740
817
16580
22189
7604
8005
9981
18533
5160
12984
7841
17034
1063
18564
14870
24923
15254
2108
15267
82
4081
157
20655
7555
7445
25172
9617
2367
20212
24862
7322
3355
19520
21328
22011
23278
2633
22093
15640
9217
1934
9930
20953
401
17181
7185
1898
20201
158
8178
1568
1301
3232
20068
13703
18961
10216
20518
6632
23184
12732
22213
4107
4007
15762
4991
5669
15144
13617
14395
4442
13753
15233
19350
14163
9943
19107
11853
2400
359
24406
12993
15145
24351
2265
16535
15305
22147
5527
19826
13814
6541
22554
17850
2116
19581
2419
5563
63
10943
24918
3830
2608
503
4201
8071
16978
5798
19028
9795
17918
22864
9748
6003
1214
12728
21665
6618
21841
9480
10543
18734
6932
7155
6761
22324
18478
16233
3678
411
8874
7661
8196
3619
496
154
3832
11588
15283
1143
7095
182
18517
2014
2519
4220
24134
20502
18246
15449
16846
14215
18916
16913
13162
6132
21397
3586
5450
8269
24145
16074
2896
23509
9335
16651
19459
1739
18960
16623
8668
23912
23176
23831
15688
7544
22292
12972
3874
24774
21840
12458
534
15162
18697
20025
18938
9847
4973
12084
15978
2349
2752
16710
5916
19528
19016
19526
6713
649
21785
2154
13648
22370
9186
17730
234
1396
18566
14119
23564
6311
13218
2169
16318
23510
6533
8103
10064
22156
18398
18424
12836
5194
1977
9434
4414
20173
3636
4346
23047
19910
5027
11270
494
7942
20522
11928
1254
16023
19344
10511
19101
10568
20214
13286
10034
21429
14173
6146
16817
11593
10497
15296
577
1806
14840
13605
22733
1334
23780
10860
23776
12960
19584
22145
8867
8201
12868
883
12854
5504
10552
2746
92
20585
21745
466
1753
16307
851
19535
18690
771
1089
1465
1578
17167
3252
1949
13874
22288
14970
8043
7110
344
7281
9656
13069
267
19060
15036
14740
14785
5714
15743
21062
20800
19200
91
23917
9140
18139
2065
5613
20808
14947
2507
8105
17009
16528
9598
10012
9909
16063
4126
1664
16591
5451
16630
22349
16815
17903
8191
22144
9665
11583
21523
22094
280
5785
6452
16689
1086
1723
13757
14881
23955
24326
1304
20187
4678
3539
1356
11291
5635
2872
13312
1846
4904
5065
357
10566
16446
12002
23864
14194
20952
7361
4512
15913
3077
95
4245
10295
21728
2228
5693
6203
2614
18748
4949
19393
2927
5442
16555
23578
24068
6582
22202
16490
8750
11914
15052
16757
21233
21088
16679
22193
7053
4421
20838
13560
15932
18760
17440
16997
12837
1938
6391
1682
5175
6444
533
7172
22695
1326
19215
25182
6594
22807
2454
24979
13362
1962
13142
16192
5286
23784
2778
17091
20006
9406
519
1918
11836
11209
21480
15943
19284
19394
10048
23115
6285
23677
8081
7169
12066
15282
24083
12710
23342
21000
15567
11029
17946
11604
6747
10191
1165
13984
308
12706
21885
1921
18355
13224
17007
86
14277
22643
11819
18166
159
727
23393
4134
17016
2178
24657
5787
13914
8306
23431
783
18597
6667
14152
8991
17846
9882
19442
22135
22046
18388
13733
7586
15257
285
899
6461
10487
344
5609
3598
118
12985
11401
10478
13241
11809
1537
8363
14692
4692
19165
9292
5225
22044
532
14598
20435
14190
23963
18113
7023
7981
5498
23410
21052
15666
12467
12471
25057
4460
13899
19164
20111
22083
25283
24576
20200
5442
9763
7213
24983
18768
19424
19842
3728
1420
22233
25271
654
11171
10585
7273
15272
19489
18332
10530
2820
13583
24003
3197
18764
17640
1043
2173
538
6558
6976
25200
13106
19400
1158
634
6903
5634
7191
14118
13015
13502
13270
3291
14189
8810
8364
24340
472
1424
2272
11214
24213
18489
18952
22797
18775
13571
20604
23699
1817
6902
13878
16658
23470
6342
1873
3100
1834
5987
17797
5567
23159
719
17804
13054
8986
517
18089
12253
17197
23908
11897
9566
787
20070
14812
1896
18357
9368
1153
6817
25205
16922
2053
23054
17392
6371
2481
22484
2857
14978
16416
19722
612
14595
539
9841
15088
2755
7346
5676
24121
1181
21385
14206
9844
22341
20069
9778
1571
7406
19137
20576
3807
9625
11920
2381
24127
11102
1157
5011
20556
21042
5653
2009
9176
17084
3060
8106
23910
23471
22433
5621
16708
21473
5020
3188
7386
18047
71
11444
19001
13070
23290
497
17156
10878
1819
6358
23823
16527
24770
17884
22990
7253
6370
8136
15194
22081
18898
13526
3962
16632
3962
1892
16966
1311
3656
16112
15630
3041
6412
5678
19992
22754
3010
1077
7371
18296
13668
3164
7014
10361
24750
15951
2947
13556
1704
8831
21472
10679
1625
9042
25035
3074
10953
12275
1168
22474
23268
1245
3782
19533
19590
13599
4830
8254
8071
21923
20499
19022
9472
15664
10229
1209
16627
24825
11551
11775
9650
14035
23579
23790
19482
260
6575
1577
18099
14822
9200
5016
20829
25086
7888
349
23626
8235
23559
17003
19597
16387
22005
7179
13631
1016
16857
10290
3012
1714
19503
9256
20397
17871
23452
4003
21608
1325
2354
18461
17801
438
13710
22037
6744
22128
10285
20106
9314
2906
2086
8378
1298
13696
22027
3790
21876
23432
9759
9187
20011
23223
22225
25258
5559
25120
24963
20508
10289
3144
13104
17483
12296
3814
10500
5313
3173
22246
9761
16306
15812
3251
1331
2118
8768
1986
3372
10806
21909
1906
21450
377
13582
13776
18927
7187
18687
113
14787
19386
19064
13095
11186
16781
455
16214
19078
23559
19309
19728
21962
15935
385
17155
19988
25258
1551
2664
17416
3073
16180
25266
9932
4956
25098
23653
2299
2634
8340
12354
5782
1805
2087
23681
1288
13071
18544
18679
19433
13647
518
119
1206
6394
7391
7315
14214
2248
6372
11264
789
4197
17837
15039
10515
8206
1675
9539
25154
6235
13444
4451
22805
3464
13629
21865
13879
6337
14637
6731
11326
18061
21400
9899
6092
18131
12126
9972
24422
22468
16977
14626
3538
23524
23280
13519
1232
15939
16203
9591
23926
16036
23169
13027
19250
21239
2860
15404
19501
10309
11161
21183
4005
18642
25125
23925
17646
23343
16731
21970
5236
19749
16158
23990
8138
20071
17544
8995
19829
594
7772
1287
1530
19496
12774
13888
5429
20090
16066
7567
2475
1018
179
20510
7171
14586
19367
22789
20171
22833
21003
14735
19424
393
10565
22424
18026
16301
16166
24283
18455
22326
7273
19658
2405
2295
16820
18998
13713
7703
4190
15645
14596
14360
18732
40
5431
873
2850
8469
4188
23042
16078
3931
20516
23736
268
2834
23442
22640
22279
9820
11380
13533
22798
4749
20364
15164
5228
17357
19168
20195
21254
18380
20776
11820
22273
110
13531
13835
1270
2776
25105
19189
3575
395
18147
1075
22259
24323
22872
2348
1197
13114
3178
2388
15126
23916
9581
3968
13384
6091
15151
8329
13845
22865
2027
9222
1361
3109
18510
16157
16386
1503
19873
22148
15102
15324
15072
22298
75
19420
13517
991
16998
20047
18435
16984
6405
101
22764
17722
22380
11129
589
23935
23089
796
3106
13606
21832
24117
3514
18172
23945
25123
4934
11169
4666
21691
14651
364
15182
20762
4835
23005
25286
456
1668
19491
15318
16269
25123
345
9957
7730
10310
14953
21423
19950
24794
19745
14050
4099
22957
3980
1008
10322
22632
18499
16524
16185
7314
22546
17071
3942
3731
9605
24833
844
21507
10203
20959
6934
4198
5096
14547
15947
13381
19325
13263
4458
23960
2942
12413
15214
6428
12112
6953
6351
194
13046
19083
10838
1705
14208
9402
23422
19649
20924
20460
19779
14873
23911
12447
16602
4384
13740
5765
16879
19969
3468
3305
13602
11892
4947
22191
16325
2092
19307
3984
1349
294
20028
13453
6395
23558
22207
14861
8895
22125
5330
19356
945
15648
13655
9889
7399
548
6524
4897
10139
5594
6234
5597
6123
10373
10569
16076
7126
8245
11358
23998
781
2563
12940
16909
18568
2466
23830
744
22332
1150
8109
428
569
14085
11934
8424
11341
15274
5180
12223
21260
23193
24055
12172
11049
15471
16529
20908
7797
728
4464
16698
6367
10582
1397
22153
21584
7434
2013
9599
13720
16555
24047
15066
1177
16366
19358
16603
11465
19009
1593
20664
21410
16720
9701
12039
22912
13708
1772
18978
3503
2530
22782
15343
419
12759
10458
8814
13580
13843
4788
7543
12255
14322
566
19642
12424
11130
6348
16712
14009
17514
13681
2672
19127
838
4159
7015
7438
766
14652
9469
5722
19679
10492
16704
6109
20225
1369
1271
7197
14739
2280
10547
2247
12465
13738
16570
20430
11
24735
2384
19188
22927
23518
1996
9686
21022
720
2210
7456
5681
23992
24175
18299
20213
18333
14784
22079
24357
18935
14726
7858
9753
7558
13311
16092
4755
11086
23663
1946
3376
14025
445
590
23807
14775
14752
17085
22209
22603
19483
24076
1939
9600
13322
18326
9682
23180
937
18727
11175
22762
23095
964
20105
939
8872
4846
23360
23964
21944
20530
21164
6066
4562
25046
22294
12201
10943
21666
13449
19237
18314
13626
2093
21853
6562
11923
18242
3021
14485
10959
19074
21833
18132
11441
8359
20383
1481
9871
15934
3890
9597
18328
16875
22078
13896
23986
16525
4698
21288
6493
22734
5056
4987
19589
23909
23034
9993
4032
14730
21829
23336
888
12127
20129
3995
2080
22520
18831
5511
513
19644
24297
18165
4722
12807
5142
14654
12018
2297
12289
5492
9734
21793
11865
17947
8149
19604
28
23945
8336
19193
14713
16394
22088
2344
9215
18135
19542
17024
15175
9653
9348
7668
4552
21649
15280
18460
9239
3445
998
4924
22634
7413
13493
20468
16573
20508
11139
5078
13109
22183
10161
21866
21034
21580
14930
23066
2893
1758
7116
16693
12917
21221
18331
2879
8851
2795
9427
6997
16582
15994
19551
1558
17107
18746
10259
4317
16423
10151
6354
19256
18439
24285
3451
22898
11983
20393
21503
21872
22465
17238
23266
13257
2414
13434
16972
14138
5081
23821
12484
18064
16482
20543
7494
7919
20326
8855
21120
1781
3484
10101
2291
25139
520
7467
22930
21150
16989
21734
6899
6593
4500
16605
22716
9003
14888
17335
1309
24319
5440
21229
14666
21989
18184
19767
3614
14897
5317
24332
17117
9019
6796
1473
10015
14542
4057
711
21509
22469
25264
19032
3527
6268
11241
20014
20379
9276
12212
24314
24250
23678
7602
1886
19510
25226
23791
13785
9846
18985
5350
24823
10590
13501
12987
2686
22320
11087
16899
13494
22812
20032
1652
4025
10118
4399
23075
22738
18532
2918
21624
1064
5690
16110
20563
21783
9572
8325
14330
13642
16102
6398
18735
10342
13376
21619
2336
19829
25209
2843
2823
22190
23269
24838
24133
21593
18689
7216
4638
7301
7278
15057
17982
11814
18986
22634
1254
5082
5692
16440
8348
16363
21038
8589
12965
13447
14660
17860
7373
16692
25161
4
5623
171
7300
23033
11267
14741
2783
9839
7629
23724
12713
19099
5645
25193
701
13575
11823
14098
1468
4888
24096
915
14860
378
14121
10570
6630
24227
16190
22143
9717
19509
17390
19993
21279
10116
15766
4848
20441
7293
1146
22133
19315
14922
11437
23381
8078
22122
19389
25107
13873
20147
3695
19613
19688
6145
19489
11166
4596
13156
14538
3712
14419
22645
13657
9821
21470
4702
9481
1431
5844
16952
323
5406
19965
894
7564
19346
1590
4549
7339
9315
21787
10199
25287
14982
24721
1280
7500
20082
20081
7117
21343
11845
7490
22303
17800
23125
310
24714
9765
20770
7246
13161
21050
884
348
4893
24135
1542
23974
18331
22256
20167
1443
20026
9845
5425
11560
6085
900
13281
11510
19003
3961
18693
10046
6299
21719
22705
12735
1831
6058
4513
1453
5619
9457
22971
3863
22964
5356
1570
9855
21411
2408
19149
10167
16596
21146
20987
21387
17180
16990
305
17012
20044
4962
5316
5458
14752
13507
12156
14736
975
4425
22602
1900
24813
11651
16707
7627
21725
16240
1574
9550
2904
5778
21091
2089
17223
13762
829
8217
878
11128
8787
22384
15131
15127
19337
24783
11987
365
19236
13477
5173
22065
2196
22090
23748
14494
13200
6635
16818
14222
8079
23413
15223
14052
12433
16664
2148
23628
20043
8358
10213
6901
10258
20693
638
13604
3518
8378
4559
8095
14928
1868
18385
2427
16716
4640
23885
17533
1670
19782
10172
17094
13893
19178
14225
13080
13249
21376
19772
1815
12408
8808
5241
6478
7597
14825
13299
22467
588
5572
12268
21847
22597
16624
6554
14963
1423
2323
16751
16719
16717
1308
13930
20237
280
15627
23817
19853
25279
23467
11138
14893
6453
17074
18254
8236
798
5794
21197
1766
20341
5973
7233
79
14219
4470
12980
10687
3482
13225
3487
21831
12528
8014
17041
10534
12589
3703
14160
3302
12126
309
3805
4914
14748
20239
19105
652
8314
25077
16816
21519
9460
11997
263
23461
9316
11747
23731
18508
4524
6945
18682
9294
3145
19144
16737
2219
3120
13122
1321
4045
17405
9252
6798
7803
13981
20568
16567
6701
5665
1246
21032
6042
9664
1179
21462
14040
24263
25267
19171
8844
1767
10453
7811
5291
824
24147
25020
13159
19148
202
15283
14020
826
4754
17733
922
20520
17889
21098
2567
19050
11893
2245
2675
4844
18611
7147
19090
4004
6403
561
16212
13536
9085
2114
18098
13850
22682
1244
8179
1149
8056
3093
6920
19599
16681
10226
19994
17459
4683
1032
25184
11630
7443
18722
8084
6770
6573
17876
17017
440
6919
24204
19744
2847
15988
20484
19722
24307
4534
16466
12438
17028
16713
1124
1377
16843
17783
1171
5434
1071
3102
20662
12178
1494
22240
6016
18095
19373
442
20949
21894
23748
21336
19929
1814
23224
22281
11285
270
1931
19160
15260
10307
10937
3985
24978
10157
21633
18561
10821
22138
4260
11952
23463
3061
20722
5567
20552
10151
866
5995
16626
15069
9720
8219
21828
16837
16018
15329
20594
61
13957
16791
2790
4231
21751
24897
11880
1555
20328
16039
12059
13923
23383
6242
16445
7466
14855
22472
791
8208
748
20272
11998
4951
5702
24999
381
23425
3505
15962
9587
19615
20844
233
13660
240
21781
14993
1726
7374
21558
25161
4262
19565
4202
16593
19048
17792
19113
24499
22981
18709
14241
3577
14664
22801
13824
15476
22843
17126
9713
9989
15069
21653
1319
4589
15303
5926
977
18130
18997
9527
12131
2666
13933
12463
15436
4047
20432
9960
2472
16513
2944
6671
23645
24996
9867
24978
3433
15243
23090
4864
19383
14029
16146
18146
19502
4088
9722
16740
21836
9128
4753
1180
22552
25261
20406
16795
14228
22637
7554
11902
1659
14763
5885
5423
17441
23264
1223
887
1353
22787
16332
2438
22904
13168
21483
22400
11574
2226
16611
4310
25084
4681
16391
434
10883
18209
21531
7037
19398
4195
7325
917
22713
1112
2632
10598
17708
13441
13962
7290
5454
409
9969
6249
14226
23496
7497
23111
3272
18526
2182
21588
16610
11743
15185
6356
4873
14259
17864
20184
9824
15050
3803
13457
2838
1600
20548
17387
22151
7763
6415
14984
22358
20021
362
12169
1004
13652
2829
19753
25207
13315
21886
22302
24028
22454
16617
6560
2962
2594
16869
385
1755
13197
11374
9731
11263
16671
15025
17665
9579
16164
14781
2193
22735
16826
13704
10578
4083
11966
1540
2769
19647
14534
1774
2878
6633
2369
14407
18394
13816
24338
13595
12234
21587
5111
11275
5489
14837
18341
972
16578
13600
244
6106
13951
18464
503
1654
1556
17243
20166
5264
16162
14155
8703
13550
21873
12195
2984
9322
11006
7566
2841
16963
5138
19434
1787
751
21501
23041
1224
4608
6553
23666
9631
13562
16787
23385
1943
8020
105
14769
22941
13108
23025
22427
22468
19068
25151
2232
19363
3119
2397
19648
837
14857
22105
22306
18502
766
5308
24929
9147
2293
6674
10058
23133
14168
20478
16225
3979
6194
23875
21316
21231
18317
1344
16502
20160
16262
17818
13872
4420
20483
352
1909
21399
3026
17810
13659
286
1994
12236
5456
22429
20161
16968
23554
16463
25216
3453
4056
19541
3332
3255
9140
7129
20398
5871
16534
1686
2900
15506
8157
8114
8118
10190
1255
22992
22444
14688
21813
23100
11562
862
11805
21965
19788
19095
14020
11318
19697
2389
22295
19869
13472
1833
15058
17316
20169
16771
22225
6767
19627
4398
7288
20098
16608
10200
19513
1084
17970
24391
16852
1477
15734
19602
10380
848
13769
22907
1487
10070
1478
10633
1294
3638
9246
21879
19653
1614
20295
21001
14570
10120
24695
6909
13058
15996
13267
2853
4563
15118
17854
4878
20928
24429
14803
1057
4093
18008
9097
18913
24054
366
10195
24994
19493
24424
10422
22825
631
2908
14310
12249
5604
15919
21569
22851
6016
16056
2102
19058
22660
601
18696
23325
16436
19280
20611
9742
18601
19824
6324
19175
9921
2253
3058
23152
13671
3767
13472
17018
606
13089
13090
6037
9555
779
340
10969
3039
19115
5482
24389
19437
19867
24279
11947
24373
19261
19338
1312
12961
764
839
19223
399
19543
5065
8065
13399
13766
13055
21846
8278
13521
24772
23853
24250
7432
10028
23089
25033
24970
25093
20059
6764
16540
4455
13630
4393
4187
23854
18660
25045
7933
23583
20139
11054
7256
24274
13422
9959
20122
539
20180
21104
7536
25274
1048
16116
23714
23942
15970
12360
12257
11834
13012
14817
1013
3383
5758
13739
21658
13194
773
821
9115
3297
12510
13231
11353
11633
14474
11843
5435
4478
13464
25155
22247
23976
6628
19442
14554
13871
2417
22537
9916
1821
12823
15190
18224
22745
9354
5184
14992
3867
1940
13088
2294
5730
7314
2969
24560
16320
10000
14016
19167
1783
20182
17375
12094
7351
18431
7204
24205
15364
987
19897
14193
23230
25096
16027
8360
1808
18445
25233
8333
24781
14851
16780
9781
1119
24389
21579
11884
23421
22689
13482
7647
12873
3025
26
1621
15381
798
18251
24237
2268
14601
18710
8134
2204
2353
19153
16878
7514
23208
7689
11397
14846
19247
11366
24081
13202
18279
20087
8199
17371
17103
22374
9593
9956
17909
2088
19529
6065
5289
16901
8083
1810
16139
13626
16031
13176
10859
16725
18500
19269
6315
6368
140
10176
8204
9851
4163
1663
9898
11637
13076
22407
14280
4026
3239
13886
24485
6487
5790
23944
8344
4410
17626
1550
6891
380
1200
6154
15271
8310
21176
16908
16500
18668
1525
11307
14003
99
18032
6048
5176
18859
11577
10592
214
22231
6080
22566
10
13615
22333
5388
21761
6743
24345
14444
1516
15278
6237
17877
12221
3111
9770
5627
19818
6570
17218
24089
2441
2134
13661
14996
7918
23580
19052
7130
19296
14170
13253
19693
22354
16495
18245
10319
1398
5626
18555
12444
728
13240
14211
6313
20176
11773
15900
18159
22785
16269
3824
6622
15217
19135
17463
22170
15503
791
12432
25288
1914
585
19917
9079
23708
13083
20241
15787
24280
20359
24294
15499
17011
16601
3711
4853
10780
5707
9651
25124
16147
69
1037
1491
8102
2943
10851
25230
21478
18001
11327
4266
6989
2963
396
19741
18738
3486
3015
20277
9296
1454
12082
6576
14022
18226
18051
15679
8689
410
24222
15882
4515
10327
10498
19871
614
13328
10297
13925
20095
1297
15755
20557
20259
22609
12856
18885
13047
4166
6432
2687
15798
18773
21379
11246
16487
22750
19983
17917
15959
23103
23641
24022
21845
18974
20348
10825
9644
23775
2285
4774
19217
18041
7607
7926
18149
19515
17391
8127
18145
15207
4820
5036
12256
1072
1295
4412
8075
1855
4048
20718
5234
17910
23116
10481
19375
19519
12258
9461
18365
1510
16539
14610
14919
6984
4506
12369
449
16906
1147
12508
23961
45
18921
19733
16607
500
3250
7831
7559
11099
23026
24365
18562
24629
6435
11825
17178
15723
151
14942
3346
22823
9845
14055
556
19762
18259
16247
1846
809
427
11448
11895
11971
16222
10819
3014
12186
16885
16071
20041
21656
18962
3502
20442
17069
10183
23698
1252
4071
22903
21487
13976
11187
25177
18975
5299
1860
18340
9059
18956
3967
16183
21005
22149
16595
7931
18724
9195
20500
14731
871
5680
8804
2147
7039
4333
16037
23228
11089
23961
7167
21287
11623
5870
6369
757
20011
16417
3466
4775
5630
15699
6513
8322
16028
13944
19073
12389
22129
8241
11297
7498
703
21212
22792
13417
24030
4236
13527
22082
17025
9
5576
7594
2770
12964
22549
24188
4148
22668
12902
11606
16587
1261
18462
15181
13817
20132
5620
24057
13288
918
6465
9233
16882
11596
1293
7470
12069
24605
16752
11314
22572
22711
7910
18463
5207
6729
8755
8066
25028
24495
1905
18531
2341
2007
9799
8162
16952
1044
1920
23637
2131
19638
15736
3345
14944
20292
8974
10267
13325
19522
929
820
480
10399
23862
12822
7485
23552
2869
20
13167
20602
8950
19362
17073
6966
19440
3706
13258
18529
958
271
25076
21277
3452
19191
18411
22848
2851
8306
32
21017
8375
13566
34
13049
4440
20440
11666
6056
20218
13811
5632
2705
7368
21980
19141
4169
3140
1472
15572
15773
5449
21631
5796
3080
22456
23815
9730
23636
3987
16883
7323
20972
16631
17198
999
14839
1880
11982
3095
7637
22399
14269
19835
17048
23277
17073
211
825
23042
22655
16272
12372
10430
20583
20523
13544
22206
9620
22132
23156
18168
6106
16137
4906
20908
12990
7687
474
12001
17501
19685
14717
10112
1715
21479
16769
15229
10219
2025
23951
3128
1498
10664
11821
23787
1220
20227
23241
16002
15231
14091
16259
9967
14062
20007
20003
2811
22033
6811
2091
2532
9793
15241
1862
2044
7308
5219
10083
6675
3510
5386
2037
23876
22025
18954
23209
19538
841
9890
14780
2241
24682
25135
1903
19418
25196
22376
10525
23702
9517
16198
9360
12217
2493
16459
6416
18391
20900
857
20913
1615
19671
10215
3112
4204
1263
11904
266
19159
16317
21582
3492
11269
10360
23182
8225
112
15753
16797
8272
20620
1017
16080
24987
147
25186
4113
13759
23476
8286
3278
8230
3889
21412
14957
18955
11204
13875
11866
23922
23233
1701
25033
22162
3613
14284
24146
2990
1037
1653
7258
19508
6792
6440
2096
14915
849
3773
13625
25214
6419
869
22126
12574
16614
12973
21676
22914
1025
17315
14697
25126
20305
14914
22408
19199
9907
21690
129
828
912
12006
16734
7136
24765
22328
18273
20905
6485
24336
16944
2078
16023
1657
11959
16162
13452
422
21518
8807
9339
8384
4649
19634
25089
15062
15963
1459
23135
22674
20279
16447
23388
19197
10808
3531
16426
17193
11433
6580
19923
20791
10856
18946
2387
21125
19600
4784
21130
2082
21471
3059
978
843
18596
713
16675
19471
166
19302
8858
18717
19777
23062
25221
771
21227
16584
254
5826
17861
22467
2343
1373
9432
9414
9883
11792
3801
18345
22363
7682
10613
6333
24831
18131
4260
24228
23730
18291
2378
17620
12955
22608
22388
16911
4380
18957
4440
3001
23073
3071
16573
18701
4170
4854
22101
13435
20550
7493
13870
13388
16378
3809
8065
7778
6505
25094
16848
25138
7915
4946
9251
2844
23726
22357
7006
21592
18142
13078
19473
8268
10482
7573
21839
7188
10889
16819
23466
13673
11190
22091
16525
3460
7802
16020
22565
4436
621
97
20172
895
221
3571
15034
16659
6707
14092
1674
22972
21194
12142
10304
23327
10094
18198
11787
18225
14550
8355
21900
25031
22435
23210
15023
16467
528
23880
19111
3994
19953
13972
4355
1393
4926
10586
1364
14996
7107
13781
1521
16612
2670
18785
20347
1786
16855
5314
9660
979
1988
23540
16875
11164
22940
23024
21861
12475
22544
13151
18372
16167
21669
8237
11554
23661
16254
563
20196
13602
16248
23407
21370
22636
98
15490
2622
9724
6306
15061
19248
6725
19467
7856
4349
13215
3828
12953
16138
19721
21614
18993
15722
1927
25096
20296
4171
6220
24053
15081
13987
23
5223
25213
16833
18635
16676
4791
11148
4214
19944
8332
1528
14015
4736
14246
9462
20399
23892
11533
3324
1734
25073
7428
25232
20009
10797
989
5532
7054
18356
11831
11065
17352
2619
7878
16805
19317
21612
9647
24927
8009
5699
18897
2350
2505
16496
20178
17667
15549
23734
3958
331
1332
10459
10198
18067
9444
10410
4540
23315
14117
20197
10881
22585
19196
4209
2061
13678
9511
2864
4217
1029
11315
19102
16526
7510
9205
11125
18794
7297
6525
17794
25134
10087
20154
24261
1332
17420
23021
21481
17602
8761
25129
23256
24150
16226
16228
16917
9570
16274
5877
24275
13577
8261
3611
17439
21148
11938
11231
20628
16142
19388
17784
3181
11962
13261
131
3886
17367
21493
19431
22382
11808
15076
19919
19007
23754
7819
9826
21706
1257
24021
22019
14140
22216
4966
136
13991
3479
1409
11443
11046
23334
22516
3325
20248
12238
9608
1901
21986
25116
17451
7954
17527
22502
4531
7044
16282
12755
19156
1937
14052
14002
23048
18799
25041
3813
14925
347
11319
12719
13465
5188
22095
18263
22205
17044
5227
25289
11250
16027
6627
19100
21066
5777
19895
1152
4957
1433
1227
1506
11376
19548
18684
2903
10441
8073
10220
264
11362
12704
593
19607
3863
5462
9098
6113
25017
23919
16740
24335
9073
18155
2826
8090
11778
24488
9884
902
664
10912
24533
4396
21181
6167
10008
2560
18014
4498
9983
14553
19739
22639
15051
21180
8345
6484
25042
22070
854
17096
22775
7425
6967
20377
9051
16561
22962
23749
16305
17
18160
765
20358
14811
18177
21438
20054
1277
18928
10194
12188
23898
4744
1490
13278
10276
18740
3040
4789
18981
21780
20221
10153
6564
19856
16858
16633
3751
5559
13623
7506
18061
13178
6534
18554
14910
16136
2968
12758
8011
13138
19286
14033
25081
19831
15917
16831
17142
24910
2339
23703
23508
10129
15966
24805
287
9286
2797
17132
5505
21140
23806
9528
15580
9468
12825
8264
9743
4318
17513
1082
193
13743
4035
23077
9145
9143
11615
17972
11594
15997
4387
10240
2379
7311
6393
7284
3739
22137
24322
22275
22720
3787
334
8818
22244
13919
22192
24311
1746
11635
4423
19048
21762
17815
22548
898
21161
13967
9253
23401
24186
6670
18692
6752
18348
21
13993
13622
23816
12189
23724
17486
3862
296
16547
8277
22819
24926
6619
1327
1708
3607
13350
18754
9751
19833
1067
3054
22195
16609
2243
23648
21274
23852
11689
1418
21137
13175
23215
13988
22978
6349
23443
7980
1500
7271
21827
18071
16834
18672
10287
9567
13140
13098
25055
1324
19053
515
10009
18362
24289
1346
4372
13711
11756
16599
22830
11153
10547
18700
22595
18425
2350
16475
19531
13166
4496
19204
3666
5976
14957
13039
2651
17053
24777
1167
2517
21221
22254
20476
18544
776
646
2913
18950
13173
4021
23933
6194
25185
1113
2345
944
12942
1878
19445
20619
9524
1598
2106
7286
11848
13581
9632
23473
7864
4404
6233
436
13959
20465
23902
16625
22086
18571
20270
19019
16919
23675
1289
62
7163
15392
1477
4576
7263
16523
5615
13903
23185
23149
18535
10283
21495
13792
845
6719
13885
24163
6183
16709
21628
3342
11274
4411
16449
4118
23039
11939
16849
5077
15120
6046
12085
1336
14221
16396
7166
910
374
13708
13567
9668
19477
5461
22174
21630
734
12205
24333
3740
23227
19566
23757
19466
6144
4952
1357
11558
20079
24986
16516
8318
8300
3889
2972
892
9852
23607
17253
5128
24168
5655
19726
5366
19166
4716
14648
11077
24733
2839
19527
24558
9772
22610
17019
2331
22500
375
24193
16491
2010
3743
21646
2409
24743
13182
369
16042
20849
22596
6303
11619
1011
21441
9255
2771
7132
16509
24188
10870
10755
21398
5516
22652
13742
24059
5636
5731
8782
6110
5272
9976
15785
9831
9661
18154
947
19923
22386
1174
7220
23076
23574
8869
5468
195
22271
15957
5108
4938
22741
21956
19423
2635
24001
19297
19652
12092
13774
5428
14370
4607
645
2760
18449
19206
16790
1641
24728
1286
25102
16012
11391
16059
8859
12211
17188
25275
897
13357
19967
15491
2358
3
2642
17157
13035
444
8232
12306
17046
4022
15675
19305
13051
19606
20967
2008
24114
1394
9080
3540
15091
6677
22708
13329
12364
7560
1133
22136
4228
11754
5614
21175
17358
23993
16200
15586
19751
9299
7272
9710
155
4205
506
19203
6397
21488
7047
22712
9331
23072
704
21752
4992
10967
4423
7543
24334
2077
19660
640
16291
14220
16268
15420
1915
8334
439
22969
9982
8256
8925
17799
1306
7574
23837
2939
20313
22322
354
10474
12111
471
22167
9654
13377
23873
1512
19318
24214
36
20948
23507
18505
13904
12388
12483
22
9058
25067
13091
24692
4052
16398
339
22434
24152
17246
10308
1093
1706
6664
16821
4459
8253
22607
19732
1275
633
9876
7147
15872
16108
4320
8377
17400
1983
394
15961
16652
13340
25005
13522
13775
16485
16419
21357
5685
501
14883
22336
1922
11946
17360
9400
16177
4537
7230
5846
1009
17879
15871
6063
2787
550
3027
3075
10763
16129
6096
4206
9830
16520
23218
3968
7184
22979
525
7927
9026
19346
12792
8873
4388
13620
623
4763
21903
20050
9830
16249
16586
1796
15804
3704
14842
1183
9761
19354
8094
7979
11429
21662
23957
14405
25074
11223
12992
2112
13541
8783
15327
14647
3899
794
8016
24110
1204
24295
4783
20337
11364
8132
22540
24088
6457
13859
558
22545
4757
14141
15265
1919
12054
4475
16381
13772
13819
19228
9787
21301
20644
22230
13028
9291
19245
20189
12796
22902
265
15938
14992
7846
13067
9978
24607
19071
22808
2807
1713
21612
14438
13764
24696
361
6624
4598
12073
13849
14100
1889
10375
11725
4431
2562
1809
8987
2347
18037
56
7653
2429
4795
19646
13321
3062
1161
16776
23017
24201
7529
6760
6756
22532
19650
13397
19707
20168
23485
13748
1498
12797
6455
8242
22678
4602
1759
23623
253
6164
6906
19414
5404
8356
3982
23122
20663
320
2858
15712
2688
21447
16097
11254
5533
13314
21285
15366
19207
2958
2370
10579
23093
1053
9808
15166
12971
22116
13943
3846
20760
19514
23608
25035
9305
9268
23278
8264
4208
7801
3806
19851
784
4738
14880
5531
9879
13440
23618
24126
15070
20434
11714
13115
24293
21324
5591
20553
8585
10102
4533
5380
1178
10422
13936
19075
19954
2313
22210
20472
3099
11200
9121
777
5493
22798
14671
12682
962
15
19432
2277
21407
13734
8293
13872
17737
20052
1052
232
10990
3445
8801
19872
6621
1776
22759
11935
7013
25087
23333
18708
14319
12974
9243
22111
22347
13227
11704
18123
18516
755
16769
7285
19890
13587
16217
22049
23126
12999
22211
994
3692
12098
20652
34
10013
18630
21289
452
11389
17040
14954
21346
4407
22140
1464
1847
5385
13147
4246
6685
22394
22049
19737
4291
24282
4630
22431
19209
16455
7953
23520
20963
8166
1166
490
12653
19173
4274
24380
12561
10998
17089
21010
19752
23938
22266
4441
18164
8383
16065
22217
21647
11972
9279
1224
16262
11404
19876
5579
15206
14918
16778
21152
22313
9351
6345
8881
19150
20138
3770
708
21443
15063
6295
7839
16844
8242
12458
20206
5339
934
23288
3475
10206
6177
25282
2985
14498
17714
16204
8185
5290
20040
21551
11082
21803
9801
6738
7025
15487
19042
7165
3861
468
1182
24720
13205
20135
9946
21409
2957
933
14129
137
13786
8046
16620
17124
19828
4068
21463
10201
20966
2073
17886
23694
16943
23231
639
14603
16278
11883
10640
184
8228
19255
19308
8647
19759
1243
10402
3043
7795
23994
16155
21490
3063
2938
9671
18763
4323
1634
11072
14095
22623
4717
1908
1702
1384
5015
1995
3064
5003
1929
15234
20262
6722
13590
7439
24746
20185
10043
3923
22476
19174
2782
19232
25282
368
20449
13727
12305
19446
3471
12151
16288
14796
1362
25241
2416
5548
6377
24903
3125
17103
9885
7770
7782
2066
6617
5729
163
1954
17131
22475
22722
25053
15745
1973
7810
1380
1616
21960
8353
7193
16210
20117
18034
14989
11965
22236
16575
13275
15287
1471
5928
19760
24764
11344
14159
9997
4377
1076
3246
21977
13551
9447
107
21174
23797
24990
1764
13790
22493
21055
20958
21612
5648
18632
13815
15515
16672
12097
17185
14246
2708
17134
17548
19943
1543
23958
8799
20970
16504
16639
483
318
6767
16937
3680
3589
8185
8792
8176
7579
19399
10946
21216
16472
21588
14546
3358
25043
22337
21560
16657
15170
20373
18138
16949
20190
15726
10030
1338
9991
4465
24508
3491
16590
3171
8866
22582
21567
10323
9242
1101
7045
20223
24928
2855
19920
12480
4743
2252
9483
15437
13221
21211
20401
10288
7219
15902
13025
4574
1231
4675
15942
8137
12119
12765
7387
3904
1075
4627
11162
13198
3999
7309
15769
19414
18548
21622
8183
2935
9116
18229
18336
25153
6417
13303
6948
7683
13751
18169
13838
10739
22884
18742
14658
21661
13912
5005
22826
6325
4560
20209
10830
11977
16348
22611
1279
4404
25244
2308
18967
22458
19989
24844
11221
18603
18446
7118
13285
9319
13158
11346
16780
6677
8861
4750
14868
1190
23966
4651
8493
23733
17356
19758
7747
12129
5518
3578
8182
21426
18125
18925
20409
3869
3978
10302
19011
18546
13958
17013
19812
5774
16179
3118
997
8050
2718
8021
9199
12287
2246
22506
4416
8081
2225
9190
803
7204
24909
16468
9859
1265
20085
7275
12683
15684
17318
4793
9864
6352
1825
16498
24167
4961
19254
5408
17171
13550
15301
4724
1991
19283
10072
7059
21464
15950
12134
24309
14326
197
21600
16170
23074
25187
23247
16905
14247
8057
1054
5700
6363
567
21766
24306
15944
4740
4305
18412
23237
22840
23294
13286
14649
900
5984
19793
9559
13010
7302
11066
18574
3292
6307
20321
11414
4729
20183
23749
20513
16732
3002
12133
11225
15222
17927
2201
13677
12808
9694
8299
19504
24055
21347
21742
22704
4476
102
13171
22160
24181
16085
3413
18110
22647
4225
6456
1761
518
2953
13563
22970
3566
1203
5644
11764
15982
19771
23660
7007
8331
20926
1299
9594
9304
1256
1642
858
2239
24182
9154
19694
22573
8250
9797
9953
5080
10524
21709
2191
9506
25169
1763
9915
23585
3243
6160
10490
2413
11462
23148
2748
4468
16868
6152
8301
1665
19023
3788
16336
1455
17386
3394
2894
10227
24246
14004
20902
21459
18015
16476
24091
1504
13917
7680
6270
15907
16694
60
1974
16205
21401
6703
486
16048
22578
9942
5072
18477
25163
4920
13034
13277
7778
11856
14240
6200
4370
10030
21738
21403
20333
18832
13535
9734
14150
15099
22337
23611
13804
19411
22087
19530
13540
24723
1042
1104
4760
804
6291
24015
3901
3988
596
8596
986
1156
11846
3110
4319
17755
9578
775
20334
22283
12219
21771
23006
17486
20781
22114
21791
16022
11828
2264
22852
2156
10282
3848
2052
18637
17095
13798
6467
12042
4761
21711
4024
22983
874
3172
1351
22228
13627
11755
22335
17950
22118
13716
12564
7362
12450
1388
22802
7173
25250
11182
9746
8965
23151
25013
19044
11827
1069
7834
23234
4044
16932
16512
15714
19628
13707
1589
7912
217
5373
1768
19171
23145
5691
6022
16206
192
18458
18674
15027
14584
4542
20537
190
8160
20454
23091
22743
15584
2652
6561
17995
19517
17399
218
16439
2538
21388
8317
9332
23592
24594
16723
19131
1352
22535
23253
16773
11288
8297
48
22666
301
3946
21126
11536
6858
15946
11395
18471
16131
9984
16958
12164
14217
21161
5658
24036
16357
2998
6072
9843
22499
8092
18039
3005
10447
23197
4494
11237
11748
16244
9840
23520
12403
18341
14490
22134
3495
1343
5378
5456
24952
1789
15697
16319
16987
25179
7394
14548
16489
21234
12711
18140
19094
3825
12871
13937
17825
24894
25144
15702
2224
6517
3629
22681
1608
15855
1876
16326
18390
11978
17988
8748
22670
1527
9522
1981
23656
19002
6388
12451
52
14085
21199
9699
3938
733
21856
1050
8370
11111
19563
7211
11859
401
4796
22698
10010
12384
19129
5975
6771
24811
13672
6177
12225
10145
4686
4207
16094
5245
22367
22127
2832
16887
25229
14952
25052
6404
21957
2039
3620
13019
22536
14128
24751
3169
9719
3853
21264
13840
1797
16493
8180
16735
14288
15291
8908
14131
1852
11109
14655
16836
13021
5946
2373
1903
22868
16653
24139
23697
13430
761
11435
8099
3651
25030
12512
10152
17170
13523
2474
23616
2270
16746
281
25200
4472
17240
414
974
9986
1088
111
1305
18525
16232
13651
18178
19426
4643
18551
18591
25137
11283
13113
15067
16642
19232
6170
20191
91
24108
18402
11950
980
12511
4836
19998
13344
9901
4978
3831
13607
12134
22900
1678
19947
11384
19457
21881
6276
14523
653
18598
8003
20439
21527
19943
25141
6893
19291
12488
21823
3618
16514
847
23078
22557
2780
4451
2145
19230
25078
481
9113
13737
18306
11973
19453
955
7229
16340
23654
17374
13498
21732
861
23850
22349
15322
38
14687
9415
15339
19165
9698
7174
22821
17059
19831
2643
22046
747
1022
24125
18527
21543
19686
3734
22555
9309
23563
12121
18438
8188
20203
6085
2168
5409
20170
5158
18725
21817
17368
16207
18059
13985
21801
16684
13243
14023
4424
9200
2581
16229
24291
1484
20238
23164
22108
2015
21247
327
10042
15839
2229
23177
16202
13242
7216
24010
7182
19486
24782
21367
13574
6258
6498
11737
12818
10992
25206
7486
7946
18167
1631
19334
16746
2981
22956
22665
18666
408
1078
18815
2749
2337
17661
39
6314
8128
23108
20994
11735
12155
562
2392
13909
16029
25178
23012
19918
13618
19081
23032
22232
9727
4473
18097
20115
3329
22293
16448
22580
816
21660
3939
22061
5555
12233
2150
15885
18625
6326
12996
2971
25238
53
9854
2458
19290
3795
18416
1507
2065
17577
16686
302
11430
4651
22164
25055
867
5889
9956
1089
14751
19792
5496
23667
4725
10929
5771
11844
23826
4958
8848
6962
21371
7748
24942
20651
9257
15481
13239
2881
1146
20971
11948
3140
18380
20040
6451
5475
10957
22881
5325
17026
9667
12824
22274
9266
13508
16641
5522
9775
2442
10035
3658
6350
22996
4650
14612
17993
9542
400
886
22952
25092
7419
19267
18453
16583
10996
6034
10441
2070
16310
19710
24331
138
9648
1222
22709
4847
11961
2081
19276
16585
21682
16747
11150
5592
17679
19242
13160
5586
1583
24198
489
18491
9671
4721
23359
19463
23416
18496
8330
340
2133
7389
17427
24786
2487
7639
18739
6422
21565
930
4122
19381
679
530
13331
14390
1840
20378
22008
23313
14323
16775
6135
16341
11340
1792
11936
18795
19464
1129
20631
22375
417
11449
18509
14202
5736
14199
20112
14364
10147
24968
3323
11299
6383
19340
12087
11243
22276
12173
18729
3275
19387
7847
24739
20292
465
9352
5789
5783
22327
15300
726
2251
11268
19720
4179
2124
6552
7714
13324
9925
16041
5479
19768
17143
24116
10301
9782
7644
4092
10854
11306
1172
485
10109
6389
4655
2762
15563
19106
13099
14154
21116
14906
7115
18882
16191
16070
23795
2905
5293
4659
23940
8027
14646
2374
1493
23673
24244
13448
2959
4778
13235
18279
14529
24007
19442
8041
21378
15371
2100
23883
6137
8515
9180
7157
9723
5683
23596
20127
24284
7176
10165
3042
9918
14321
876
17215
604
3135
23614
19067
23155
22954
10113
15382
6634
9940
25173
12264
908
11676
1866
18713
22308
11459
7590
11283
4432
19091
5520
6758
13156
14285
19691
7463
2928
4348
5948
9662
4856
18413
12470
11685
15843
1584
11842
13100
19240
5095
4959
1062
12267
6632
6196
9537
4743
20538
20244
6815
2896
5611
6079
25127
3084
4680
9951
5231
16703
8866
16796
23379
12949
15176
5305
13236
6365
19801
4408
19746
4812
22897
1049
22700
12446
2982
13406
9207
20382
415
23521
913
20226
24896
8923
15138
16770
488
9641
13702
20155
22584
6663
8692
11626
19132
4422
4514
14694
551
19095
19770
13805
4264
22771
13404
1804
2471
2130
10217
19559
23712
12733
9908
120
553
20881
23582
21246
14432
24355
384
189
17081
18895
21821
23567
11208
14189
19854
4773
1836
949
742
3348
25014
7571
1923
11776
20049
8354
22657
21219
9675
17647
20903
13883
17967
5679
2357
493
1282
10066
15836
15414
1884
22074
10822
23082
763
3784
19207
8407
7947
17270
14519
559
24763
18240
24494
18908
5480
21855
8085
7581
13722
22463
24883
12939
20632
17140
22084
17129
5379
14244
16520
8033
22053
11799
16636
19187
13199
617
2447
4523
12943
11800
24346
5495
20145
13234
19256
22685
12504
12083
300
1026
6176
6116
14105
11345
13266
5646
13771
19595
11677
9899
6020
18560
11777
16889
7234
15301
17495
3715
10516
25040
14824
15434
18932
1529
17822
8811
19830
6267
4852
22580
15019
1347
6053
21612
6714
644
6616
19272
3730
25025
11728
16679
16501
7601
5198
15977
20977
22550
1467
16086
13735
18552
3951
3856
15681
9238
22285
14359
19131
7879
14041
5537
16105
16904
12272
18347
16374
8907
20387
2796
4729
16948
13802
22449
12830
15084
1754
22736
7261
23262
15143
3316
14398
21804
14145
20324
17816
9727
21474
18151
20525
16956
24958
461
16589
10317
2306
4928
7722
49
18621
10540
19500
19641
11359
2026
13199
12859
1559
23394
10883
358
1151
13446
19660
22937
24702
1474
19145
14470
18645
24364
16032
7495
3546
7835
4885
21895
14820
4125
15830
12944
2204
23649
14
19540
14673
3192
124
14268
8078
7101
16656
19545
16867
24144
12167
1395
1650
12518
18915
2716
10105
22252
581
18614
10270
20024
13604
10980
1824
3593
2346
616
16439
1073
4321
22590
5220
16572
13251
16018
2356
2005
7572
19212
21544
20098
4569
3918
19467
9635
9877
13809
8260
210
16257
25276
23934
21344
16474
19216
738
10061
4587
11826
9249
12958
4199
809
13940
1212
8302
17803
16853
19061
13834
19799
3472
3929
15628
16562
7328
23785
22899
22615
15193
7965
12075
11644
7896
16705
18370
1290
12246
23620
12355
17980
4522
7651
17093
17254
25001
16054
12242
3198
23824
24070
15960
18770
2212
17349
14445
1408
3948
15765
23484
7822
6294
7375
6199
1649
19785
10352
22998
15497
3652
7941
77
5205
23720
19382
9833
5602
22410
3854
7851
13938
24124
4984
9002
2365
24223
12524
4409
6392
1959
16317
11782
109
6475
7156
14450
735
6148
23192
22139
9873
11515
14396
7413
4369
15756
19494
6326
9872
24891
11425
14662
3910
12193
14294
6802
469
424
14001
7818
3114
16931
19829
14424
4682
13488
23721
4935
8133
18953
15850
22314
13946
24026
1519
491
5363
6502
2197
15680
7700
10119
21356
11993
19086
8304
18924
5706
16794
23426
18106
14614
21985
20452
13442
6856
3642
25068
19024
1215
13073
9220
24115
22617
5413
21616
11976
19123
1273
10417
6192
17034
9994
3559
16577
12420
6265
16323
16876
12658
1359
16946
9337
1941
3483
834
12207
13483
24401
21063
9738
1384
9103
9986
20938
2338
370
4626
19550
16111
1849
20116
5118
4776
13231
8184
21444
15256
4519
22402
1558
24180
14757
19555
14272
13687
1195
14302
19863
18540
18094
16326
19976
22980
3090
3988
13327
10409
2128
14866
1619
19787
3156
6983
25118
22204
23469
22112
17556
8234
4219
25171
21247
23907
13641
21085
7005
1750
11090
20150
11300
17101
278
6938
24317
3742
4516
10298
14959
13129
6287
1031
2781
2463
6216
231
16748
2174
11929
659
20533
9964
6514
23904
938
4456
14994
636
19225
17331
15948
12190
21395
22510
18514
24224
5144
13864
13512
16910
1526
5643
25194
6800
19415
21309
19222
24029
199
14249
16020
14635
18937
24055
1185
20020
14015
7073
19639
16992
15626
10039
5358
19322
2018
19626
15240
3044
19210
16801
21295
13868
16461
15653
3458
30
4397
24982
24109
2431
68
7953
2161
23348
14296
16927
2534
20581
13333
25159
1264
13761
17321
15980
18669
18599
16052
100
1094
18359
13971
20277
8093
19780
22264
819
11042
24120
5488
14960
13451
4109
4967
4477
2281
16792
9779
18992
22645
11937
22482
1480
24472
4467
3843
23576
22481
22530
5503
19886
20546
5883
19603
3091
6897
2833
11144
11012
12708
11714
17355
23286
18403
2175
14667
22810
1768
3270
16211
22712
15008
20976
13555
21402
2909
16173
15575
24404
12397
19225
1123
3986
16829
14616
18972
19314
22425
3759
25122
13134
22675
6441
12482
16864
10160
17045
19034
17534
10004
4552
24954
23953
12001
7792
19633
19031
18501
1316
14358
15660
22613
4855
16325
2609
4642
15279
20198
1778
13796
14403
12421
6757
4237
17082
6892
18778
6913
3732
14139
7154
24642
6084
22495
5526
13939
6500
2952
6436
12747
20016
12079
20633
16134
4913
6788
8366
7920
3286
23165
2074
24384
20593
10452
3579
13806
6678
15764
14349
21167
1066
20431
3454
4383
4858
9784
11724
786
11107
5002
7262
22107
20064
13518
14796
6255
22914
4590
18872
2765
13294
1826
8171
7455
3553
13697
9452
22923
8285
20137
4258
2423
16784
19249
23059
24239
24084
5022
5988
16629
993
22874
12494
5502
13989
16579
1080
6035
6965
721
615
16994
6359
2961
16515
24129
768
1213
15876
18999
16313
19915
8135
25130
25072
2220
332
25222
10791
18105
13506
14568
5596
23002
1736
4049
20989
4701
13539
18444
13591
1426
7269
21916
7254
8
17015
9966
20202
3754
9396
2677
22142
11350
2954
22444
15354
3949
2014
21026
7694
13869
9896
25059
21741
16519
24354
24518
18223
20532
16471
19441
17154
13588
16437
12812
20175
11170
14724
21585
2411
441
24754
21534
8119
23363
2912
11989
9144
9083
9817
8496
6300
16613
5581
10078
5126
10846
579
11397
24900
13155
24090
7605
3279
3070
4629
2237
24808
23687
24097
17531
25240
2208
24993
20210
22453
6992
16334
11291
18324
13364
24392
17220
24931
19945
13557
19962
8252
17256
22435
15523
16641
12416
8600
18721
14023
25208
1317
15784
22059
14573
11760
12959
7713
6486
17007
13695
11552
23293
22994
21250
21720
4104
8728
23317
16096
24044
2157
13808
22270
12609
9455
8878
12975
7565
23195
15899
21726
5393
4686
5004
19570
22544
18238
13709
16081
3834
10591
11660
17984
23954
19868
21112
24087
17842
13592
22552
21100
23882
1410
14101
20657
12952
15911
11955
18576
22307
23968
7505
13784
10747
20494
3231
13086
11464
16103
16410
20384
4094
22459
3738
22186
4033
8104
12290
14070
18266
17546
24566
1925
1103
3497
7133
17011
3250
16408
3963
8163
6681
25048
5351
19966
23792
16557
8326
22157
18192
5521
22806
314
1450
4805
22077
7892
610
4621
17014
13204
13213
16754
16469
19042
15582
5375
25214
9680
24847
571
4953
23001
2269
12944
882
16787
3738
4610
13063
23566
17108
6134
1671
169
8568
7546
22115
12778
11408
5318
8068
22525
19088
12036
16573
17162
7757
13289
22214
15522
3517
23535
6340
22001
6690
9640
13272
21550
3920
16655
6528
21707
14672
541
11817
9857
19130
22416
13927
9903
13196
2054
13377
3989
9490
22695
3512
15362
20427
7051
21307
21671
23511
13877
11816
15246
5273
7369
12532
21499
4834
5956
625
21107
22303
4816
14243
23829
11451
11203
4463
5568
1879
17936
20091
18144
16227
15125
12261
17286
3947
17165
6888
2401
5672
19864
19252
8247
23462
1863
4110
13820
21241
24431
14818
22606
23531
25170
18756
1065
22784
4269
6174
16634
11837
750
20983
23802
20142
24905
14400
7340
15829
7164
18716
8849
25113
17932
3608
15972
24724
2279
4797
805
2616
12469
13585
19404
5813
5941
1416
13308
11166
14301
767
19224
3244
1045
18996
10810
13337
16598
20335
25173
24713
19905
18980
19274
18239
14487
7196
19750
20226
24086
470
6156
42
20072
17832
1329
22252
21455
23983
13775
21364
13229
14676
17393
23417
16690
17022
3860
7526
9643
11702
19264
16702
12263
19163
8075
4275
23479
13667
10886
12979
18726
19329
14113
18718
17497
25108
22055
25195
17616
9892
13944
12222
2468
3610
3340
9501
64
25220
11011
23803
15861
4338
13572
25104
16621
19309
16327
17172
294
23086
12071
10771
9410
22056
21590
17607
1712
15602
1142
1040
21764
19181
4824
17559
18506
10750
18443
22345
5141
24761
19564
7820
29
4917
21976
9750
6574
12950
8740
14571
3973
17200
7656
6462
24938
19719
4894
11334
18161
17681
282
13056
13471
16001
22397
16970
8172
7140
24060
23841
7383
13853
20328
6643
3479
14706
18358
13558
25209
22243
13118
20555
15448
16507
5210
2771
6540
6956
24819
23162
343
15979
1205
365
3123
16220
870
18620
19736
22984
21800
22875
13787
13102
8126
1932
7827
9670
17789
630
20045
19973
18533
18949
200
19328
19185
383
3697
853
15281
16106
13719
4759
16983
20206
21182
10462
5662
13500
7243
20616
5473
13746
15628
16830
4284
21452
10501
19076
4311
12547
19340
2386
22030
22228
22746
4840
23719
10686
5509
9164
9733
22097
17786
8735
21971
6586
18163
3313
1935
20136
21827
4535
14755
146
4915
6282
1632
6262
18685
11371
25254
7225
23808
23352
7789
18357
20685
19587
6118
16153
3247
25029
6055
15028
13779
23565
23969
16142
11877
13825
4974
18078
16024
16638
528
21433
9230
24169
1535
9009
11806
22873
6920
10792
24226
8223
19448
7139
13830
20984
3380
9949
24994
299
6114
959
23972
16810
17002
4705
24314
14938
22482
20570
5821
3914
20773
19946
19957
16269
3950
19371
2083
7321
6759
12269
6640
22794
21482
14430
11926
2168
6658
10115
19143
24744
13760
1239
20224
13013
18164
20628
19161
21489
1023
12274
16307
8387
3115
25016
22316
20625
11426
12366
18737
18456
21269
20945
24270
22475
14902
7562
13882
306
3048
10803
5124
16976
431
21658
10140
17418
11416
11898
23143
20463
6726
8856
6021
1201
4564
1272
13491
969
1000
5061
5754
22146
16566
1947
7844
82
16530
23931
11564
14107
3121
6904
14297
22278
5749
25111
25055
4986
9303
18284
2228
15249
17443
2553
4484
11198
23794
6439
14770
21249
21858
12838
15203
2736
532
19295
22414
22317
3148
13741
5696
20168
1591
8000
18855
19444
25219
5915
9302
18386
25145
9767
2977
1765
8380
1885
22567
8110
10470
16753
6330
17811
16294
15973
6169
9895
5539
21864
8032
6518
24130
15991
24759
12505
24160
22601
13042
20216
3037
23762
16549
22362
15073
13332
16674
13101
13860
20937
7736
3122
11822
7828
20124
11478
24988
23419
20317
6210
19776
12160
3916
10072
20658
1541
17189
11236
2617
19008
9752
20390
8632
9558
19182
6186
4617
16331
6609
4677
2376
3971
22052
14836
3300
13412
22409
23178
22433
16335
23528
1186
3714
8346
1400
16884
11290
6578
3911
5766
2325
23411
4525
21456
1259
12180
11616
15983
14773
8439
5033
16701
11638
24064
23549
11656
22207
9785
19350
9074
22692
11878
16854
18405
8952
22901
15342
16107
14589
16476
12762
16093
2926
14552
20256
1414
2981
19655
16194
3055
16250
6501
14122
22945
23550
3082
21848
5707
17190
16687
4955
16736
23420
16695
17158
21658
21804
13074
1790
19281
19
1234
11292
16010
20087
12229
22770
8173
21093
9748
21747
3470
2621
18003
18257
5071
17926
18218
4798
19364
14634
10018
1418
16681
17933
7990
12288
4381
11393
22774
458
2162
8337
15663
11149
19682
724
2424
23084
11867
4342
23723
23555
22946
13367
13203
19911
21225
3097
1911
6489
13309
16743
2750
1239
2859
1229
9796
17855
10952
17532
15044
19036
11996
9549
8111
11932
19059
13712
2873
9842
6231
2901
2976
10017
6670
23006
17867
22640
22872
20114
2835
19447
9247
13636
14116
7221
21215
24717
17182
17257
152
59
855
21323
10291
21119
25103
13955
9773
14531
4758
7688
23276
1895
22430
6411
21867
11160
9500
315
14767
22639
16873
611
3016
1354
1246
16397
13144
13291
7977
5021
10549
14198
5610
283
7063
1958
13426
16669
16471
24316
7904
1079
13479
186
6698
15016
11722
19401
7741
5931
2937
148
17715
5649
1485
4687
621
15748
22072
22450
14841
4740
8824
22921
23491
15948
5972
872
3798
23403
1007
1992
6379
403
13833
17975
422
13038
18124
16193
2164
5045
24911
4261
16195
121
4543
22440
5283
15956
18382
21257
20751
20592
5212
2190
20205
2110
21610
11541
11701
13702
4244
25140
16688
22542
13778
22417
1441
11888
9904
4986
10392
21337
4838
19656
20353
12088
1834
1536
2385
1247
1989
13462
18959
2165
14048
11818
22325
16925
11460
21891
19794
13823
16809
13576
13791
4230
17664
15560
21363
3623
19470
15013
2973
3557
10029
23830
20063
10546
18901
18595
6777
13072
11337
14072
13198
16309
12770
1457
23328
6992
20899
22371
335
13016
8183
23455
20479
17824
6112
3400
476
920
24748
3493
15078
19604
15629
5123
22740
6189
1411
7843
599
1999
13079
3356
5132
1861
5761
22442
14030
12076
1036
20245
4394
24652
891
13458
17075
6737
7583
19630
23200
3650
14242
689
2407
21858
24858
9611
170
3006
2064
18258
1611
24687
13153
9397
15209
18943
13822
4337
5935
1716
995
16361
624
3496
22260
1582
3271
722
24071
19345
2604
22071
7520
21835
4064
172
20395
11330
13857
389
18605
11919
16219
1012
15044
13119
4314
7753
1043
9947
1845
4290
23857
9917
7078
20567
16758
23309
9405
8082
22880
3835
4335
8147
15123
22667
4353
13126
76
19832
1041
24185
19123
333
7390
4491
16266
16881
17290
9602
18248
11352
11779
2372
13654
19109
17148
12977
8167
3152
17248
13484
8018
22633
20376
2930
2960
14064
473
11645
2978
20060
18922
21196
22773
12831
4633
19952
5920
18527
3443
22519
220
10040
11910
25280
14126
8747
19912
25011
10875
4945
7898
9109
23321
15725
20612
8827
16553
22398
10896
21834
18610
3031
23669
594
2151
13467
18698
23257
14122
9260
18157
10324
12056
9850
5954
6166
260
1368
20194
363
3004
23943
22067
19333
22555
8707
15047
731
14066
24567
14834
22841
6992
8233
1228
4301
1651
21165
17540
13495
15786
3849
12815
141
17376
7925
16510
19381
4826
1569
8323
1867
10567
5752
24973
18069
6504
11168
16762
6653
15828
19849
20466
8098
3207
21255
14921
5463
13468
13092
21533
16537
21231
1058
304
18265
928
16568
18243
12472
10814
9375
11196
4142
22842
13953
1499
87
6252
13193
16484
18627
14377
8363
23090
14895
22099
1339
18430
12954
20675
5274
15188
1982
13725
16008
14913
22347
5689
25199
21821
13847
11657
20067
21694
10114
24980
4271
1736
12845
13482
2376
24113
6495
16581
780
12016
21605
16571
3997
5338
968
769
21142
16556
23178
14032
6930
23677
4329
7175
22068
13826
10999
812
19033
10622
7726
20606
23686
211
5309
21850
15647
20801
23146
8025
6427
18538
2767
20051
19037
15807
19190
1871
19043
12377
928
22776
12930
1675
14725
379
16619
8618
2996
3052
13210
7384
11357
1199
5465
9327
19299
196
13290
9981
2443
4453
505
14186
8029
24035
4998
2488
1533
8327
20177
7282
1612
7746
373
19287
13611
17866
20195
21275
23694
14338
6547
674
21579
8912
9057
7321
19959
881
25224
3929
1693
405
4371
258
11664
14502
22461
11802
22155
17118
1984
4875
16009
22403
205
7660
12218
20890
627
7899
534
339
18702
1912
14668
18417
2238
25203
9973
10542
20622
22856
13644
11617
6271
41
1517
3431
16742
14890
19082
10597
21360
21105
5534
7356
5334
7575
4268
16265
15694
20910
21453
2055
9638
14191
13738
21201
5703
1830
797
14734
6568
356
4018
5535
20943
13082
24248
10185
13216
3944
22464
19119
16209
22686
22985
1842
23138
13439
4015
2925
2613
6378
14637
22726
5676
12176
15975
24327
7389
23119
18313
6590
19974
18542
19596
17887
17372
17237
23203
2203
25285
22116
16454
19579
23771
5961
21451
23045
1495
6399
6376
22496
8013
20919
10411
12911
2119
18310
4437
3654
12191
25162
23501
15888
14318
21125
13731
21707
536
22406
23801
13036
4779
13892
24538
9411
2655
16951
15155
13789
13475
1660
4272
22684
8373
24358
1599
21266
11753
5211
12049
19701
2311
21714
608
19312
24357
20905
15945
16804
19310
729
9518
25039
16800
21708
6950
19038
7708
24013
7478
25080
21559
7861
13601
16616
3169
24796
21543
6115
22480
3269
16261
17653
991
333
11317
13233
21253
6131
13995
4055
185
5459
24366
3459
16172
1777
23130
14745
23038
5271
10555
19963
24841
1647
11388
14005
457
13990
6402
18037
16640
24994
21671
16560
16774
18568
5421
18641
16788
2931
8787
1720
145
19591
4462
641
25229
8802
10312
1669
18465
17224
1249
11740
21333
12744
13625
21185
6300
941
19680
552
1056
19470
12182
18934
17231
22772
20649
3271
5392
13904
13930
22939
16662
16355
20941
22411
19574
3048
14608
15220
6321
13676
11642
10406
4435
2028
6918
213
21598
4252
11774
17362
14562
2334
22586
21015
18848
11257
22112
3981
6161
10251
23490
6288
8067
11811
9880
13490
8742
13111
3542
17239
15775
13560
23937
21342
3066
12527
5881
9635
18754
22184
5531
11158
18085
4226
9065
1661
1284
15224
16199
1587
7409
16322
1170
303
9788
1515
8257
19427
17249
8209
23614
23049
22104
20181
22693
7880
19369
5654
16673
18759
1
13691
14630
14215
14201
3309
22180
12834
1575
10805
11301
7380
15641
19279
7207
13803
13669
25260
15276
11908
22351
21349
20589
25252
16831
15269
20490
17102
3583
1801
10242
21396
1798
11841
14779
9034
20249
4660
16290
13124
4684
6107
2641
11641
3360
24348
22252
14010
13152
4281
698
1726
22922
10899
23380
6185
11485
13207
807
10607
16043
1997
22483
15542
8743
17263
21816
20269
18557
15320
19836
6657
16470
17000
22682
1342
9231
19624
1019
6910
20895
20165
7932
10059
13075
21077
12044
3124
21812
8238
11339
21131
13116
10104
1979
19005
5770
11095
18888
12237
5542
18271
4418
19663
19366
5035
11427
13255
20670
17034
21256
16955
21251
1363
369
904
16813
16646
5724
22749
23045
906
12995
372
18249
13916
16015
3926
22474
23064
21350
11173
21585
13147
24887
6247
11914
37
22728
21457
15136
13316
9979
16666
16386
23245
6889
1061
20940
20123
25061
3727
144
6147
16146
15958
25197
20094
6567
17077
3639
3720
6086
15611
20211
11058
22834
23929
18366
12963
13164
25131
24452
758
10277
13799
15259
1145
17808
5925
19948
2093
17922
21219
21046
19304
17774
25088
23305
13160
14518
10935
7103
18904
18575
15952
21896
12821
2813
2375
3866
12509
16113
2793
14950
18153
19069
14343
1924
22005
22049
19136
19436
19277
7488
9745
5028
11733
885
23519
6188
404
13060
17675
25085
20908
4541
19715
13839
1173
15258
16647
22591
15097
2167
23036
19030
1608
13019
9700
16733
12167
24006
14797
6225
7667
20448
22176
16823
20614
3793
14609
25193
8101
23167
1219
6181
426
19214
173
9789
21529
23113
12760
7911
14718
16839
4845
19770
397
23765
9657
8785
7326
868
1896
13724
20567
21265
24741
6505
19546
14657
9514
13492
8220
25
8761
10033
19324
13624
3840
10384
14401
1248
18371
15751
22781
11238
13721
3003
19719
12013
248
19690
16683
21312
5899
15094
21958
9346
22577
16945
20410
16765
23657
9286
5657
14204
459
23205
19474
6676
7168
5279
9875
5958
23050
8994
22375
702
2011
13639
6339
16279
21710
10067
13313
17896
13569
24273
5893
23157
22220
12988
13272
19731
23244
19321
13549
19166
15275
23127
21792
13904
8249
16045
2274
1907
5593
22413
22583
18031
521
19970
19154
15227
15331
13900
4737
6141
6288
4166
16506
789
19245
20602
19258
12
8069
13479
12913
22786
6033
9948
2846
14549
12117
2072
5467
16521
10902
13608
12066
9990
3056
21530
21756
22565
1775
22040
24260
13797
8313
14445
14876
4917
4254
14283
1802
9263
21735
6209
16798
21618
4770
16421
719
14287
13614
9648
7606
1564
9237
13884
298
23040
291
12266
4832
7489
14230
21273
2840
21366
24827
12345
14350
21895
7260
1985
18045
24153
19891
22365
11356
35
2126
4120
2603
23044
23588
2980
8177
22420
16835
25173
16907
7776
893
1341
23818
7992
10464
2029
16724
15659
22499
25061
18741
7868
19118
13621
1744
13403
23642
8917
18363
4324
19635
8708
17873
4037
723
16049
19260
17530
6466
16145
5497
3032
22344
22391
11886
19422
19396
9358
14661
19971
13000
18939
6791
2076
15936
23005
913
1523
7415
17130
2773
16762
23237
13596
18991
11757
18931
1136
17038
12356
13022
20186
20635
5528
10041
1563
13195
10593
13542
18593
23949
15611
1779
17499
23131
14185
5688
908
10499
20564
6774
14638
16318
10092
19681
23761
19288
9521
1163
4884
22248
17720
20314
16245
4668
20809
22828
15098
22277
16851
9420
5174
9996
16126
9985
1217
17736
12530
8059
14633
14181
19632
3283
18963
23928
22947
16806
10033
20681
19636
18687
2486
17351
20120
23505
2898
1672
16728
17221
6155
15348
12048
7400
9866
13620
19883
1221
5697
15065
18537
23092
10065
11946
23160
23793
3964
15083
20584
20311
1870
18567
371
17991
20275
10493
15759
19331
4131
25270
10866
10279
13211
7468
1240
16988
13952
3161
17205
16845
11629
22115
22769
6150
17476
20982
18840
5580
925
21889
7043
17228
16040
2761
13516
8229
5120
10019
620
14640
8833
16505
22495
117
516
13777
15119
13489
14555
2215
22272
1793
3506
5945
13556
5398
11614
1162
916
24899
5769
2384
21787
25114
25001
18798
20148
14094
1399
19781
13865
23134
16682
19631
4270
8184
846
219
1887
9685
20276
6433
18982
5086
6481
19357
7582
22389
18600
4896
11698
5638
24325
4887
4700
8031
17120
4372
9473
11821
7128
6447
19003
279
21208
20428
6061
1546
21907
4831
22346
22117
19896
12139
15250
6566
3556
13980
7022
14968
5321
10907
9499
22701
22731
14620
16019
16213
24132
2335
14203
20158
6993
4340
19820
16450
3134
15738
9962
22788
14213
16667
18374
911
23182
22152
19316
16508
22822
1556
22863
4304
1731
14263
852
6607
965
16645
580
3558
21496
21414
510
1010
22862
5599
20426
2841
19421
19054
16016
16748
15080
13117
18117
25002
14789
19497
13612
6559
429
4721
19192
1131
4354
11837
6180
7377
1110
9965
19717
16916
18612
22110
21862
23733
19056
11940
5476
22967
9562
4697
10326
19087
5524
11546
4485
11986
5168
11245
23814
8338
6040
454
3416
12986
24952
24191
19319
5048
1260
141
1029
18784
2
22586
902
23615
24997
22121
19718
8130
19887
1603
1508
3476
542
15585
1896
13514
7451
1655
1276
9695
22075
12983
19172
2085
12720
16182
19586
8869
17807
159
13633
21685
21892
25038
12423
7673
8371
9677
14223
8115
21742
13414
5631
23031
23548
24352
7449
275
11193
24129
6516
23845
3724
16735
23860
6563
24493
18497
24162
14115
22911
25078
23486
11860
22159
19524
7042
25022
23839
23117
13686
4313
15834
14772
21576
4661
16435
7266
970
23154
18387
10934
17542
23140
22849
21206
13157
6985
6241
23398
4429
9856
13726
15369
18382
16991
13254
656
14709
14591
2461
18228
19184
10712
7967
5760
18196
20078
19291
21572
4430
262
13406
19257
2758
7800
11377
7837
21557
1888
5041
9690
12457
19640
7553
909
21676
9596
19632
2868
21746
19927
22331
88
6583
21521
17265
4994
6296
19961
22809
11361
14036
2698
7240
16772
4993
19908
7357
13537
15089
16965
13378
10103
1602
1721
6809
16232
7623
19449
6694
5295
16934
2292
16033
14948
18252
17657
667
12782
5512
5560
24545
21202
15261
8644
13886
11804
23277
14248
10947
14849
13256
13174
4751
24370
6964
4348
7580
14987
1001
22227
19409
2988
11409
22198
18480
22245
22249
13813
1640
20263
23132
25023
13926
7426
20605
690
19301
1548
8251
13093
8205
4427
11729
981
16478
18339
13009
7728
2752
4495
16600
15445
931
12014
18066
23206
2668
10538
9926
4188
14143
7170
17415
16865
310
18673
19374
9714
695
18958
5546
23147
19619
9551
9136
413
12776
7153
14306
16083
15157
20531
5190
19839
12166
13228
22501
21394
338
14951
8007
7473
4749
10826
14187
17227
15939
13470
4735
23835
21389
4815
10588
909
14188
22203
20780
14762
10002
7684
19934
8307
23488
6548
22034
3555
19900
10265
18292
23143
11097
17399
5922
16123
12190
2213
17788
25249
23035
10076
17694
6888
14867
65
2887
6631
11223
4439
3992
24153
1446
19116
12805
22450
20229
15201
18706
24302
5355
451
23504
23430
8349
6343
17216
8227
22096
11708
20242
18294
2160
14578
22372
5538
22906
15045
324
8269
14097
19991
3892
7178
2794
19410
13755
19850
25003
24873
15925
6572
4177
10112
15205
13750
8168
25201
14889
13177
13345
22327
6054
25253
14852
502
24671
20162
15270
13039
12518
831
15699
6613
14038
16159
3839
5352
3585
1114
13684
16345
17128
16533
23312
18867
9489
9920
25181
6596
514
12086
1367
11256
8789
14017
3523
10945
8738
6253
2994
18677
15379
4730
6105
21330
18659
22160
13206
16424
24278
8131
4580
1118
6153
12665
6146
16727
24829
10764
6952
9928
4780
13912
10521
19878
9329
23114
9425
19211
5751
3953
8155
16044
7665
3262
23732
4639
14227
13573
1372
3844
12468
17225
23085
18133
1813
19755
1374
677
23982
12194
8211
3129
5490
7270
6362
21521
1095
12365
1625
12067
7600
6310
477
3473
8764
15717
10556
23168
1143
23183
18810
21779
2217
22283
18590
21430
21454
15244
25227
23172
18437
19351
2577
418
23956
23150
22853
20742
11452
3353
1908
4654
14945
15018
18335
4607
4119
288
9739
24147
12521
12768
22831
11711
11097
19840
19729
16729
23671
14887
17522
5694
14465
7685
9821
20598
2260
1928
15668
23067
10562
1822
18308
13982
1541
17961
13334
19149
13732
19121
11367
22529
15239
16252
15729
18936
24815
814
19576
4469
21538
15006
1488
157
9577
20558
22215
2827
22717
21315
18457
14663
14482
12436
16014
22797
7754
14476
7569
17290
11157
3050
14680
22589
1543
6272
16451
17141
801
13664
147
14409
20042
19705
6866
5668
4878
599
9326
8709
7245
16903
18782
2240
4413
3864
9478
25197
21759
3046
21475
293
2340
12012
16985
12673
7291
785
3551
24353
8096
21770
16120
983
23220
21651
17213
18012
10140
9544
12448
1635
4528
12118
25097
3166
19488
1912
5675
22200
15085
6269
20554
22236
5929
32
782
19190
11925
3320
573
21961
18818
4147
10413
19742
19857
24726
1106
3857
21595
8284
22539
16208
3768
759
9836
13300
3754
7509
12527
1337
5544
18330
21696
13150
20228
13568
16696
6284
18053
25133
181
22055
22188
4755
22593
22820
11685
8343
10282
5671
2662
74
24067
21743
2208
2155
2910
6746
8942
17163
21755
2223
7758
17654
19928
18117
13330
420
25150
12941
25009
10186
3464
15592
17535
11333
19610
13047
14224
2121
8894
15527
10811
13023
5519
19594
378
537
18091
25004
5240
1913
11734
13219
11599
11396
5605
2351
14642
21141
7018
18522
694
10069
14183
2895
18606
19336
4239
4821
14723
14520
19821
7363
25032
16096
16178
19880
3415
18655
16801
21284
952
4335
1534
19378
19651
2870
903
22102
9669
11980
2696
18287
13674
18631
4781
10909
7991
951
14197
18244
18971
25149
20389
13335
6390
20917
19476
10389
12274
2371
24325
25082
1458
2602
11781
143
9970
5466
15295
21673
3377
16786
586
3993
13648
15827
11697
8027
9630
22654
25063
18364
18215
20626
9863
10480
9614
23651
12077
20586
4243
16169
19518
19795
5213
21272
7336
2032
11151
14646
18719
3928
2610
23447
4149
12739
25003
398
17529
15852
21681
13343
6628
21434
16565
4629
14774
24018
7392
23136
6407
23314
17437
17695
18651
8460
22080
16196
8321
19194
6476
15335
2945
24018
694
16152
9822
24587
3934
22438
9043
1645
14806
24707
2101
10294
22594
13339
20969
14932
12170
11336
7692
13848
5582
1478
13043
18040
20274
9886
16587
12830
1872
660
6718
2734
6726
1281
19157
23901
7790
6360
6540
4332
22172
16974
4722
9451
16548
24221
1522
5474
7850
8726
4600
22944
5361
105
290
4842
16114
715
1906
22062
23261
1350
7184
12566
23538
25273
1194
16691
23915
19898
7884
18869
600
11159
22366
19289
22668
16073
10016
11761
1268
22790
5965
1387
4
3034
3812
9974
18354
988
16760
7982
17945
9298
241
19219
16744
8223
19201
161
1425
5507
21030
21358
9288
17036
4417
24932
21621
4688
20336
12966
4876
19300
292
25268
14899
83
18407
7806
13554
9151
595
19495
3705
1452
16224
3810
14182
24362
11716
19462
7089
1192
3212
23599
4241
25050
6156
4428
12924
22473
25281
18235
18233
5426
22984
13935
11643
18696
18965
22581
2198
23374
19583
17628
16055
19484
9465
22039
23778
1794
4939
21283
5347
2194
6671
21822
5608
504
15771
2949
5510
22071
272
5679
21844
24290
13729
23128
15133
1916
3163
19977
6458
3160
5652
22066
17981
24098
11679
1890
20080
21049
21159
3827
2075
9137
17999
8259
11210
3150
9707
23311
9058
7714
3388
5971
11329
9338
19020
25216
3155
17525
13763
22131
13515
13808
17510
16218
16615
5887
15236
23144
25206
574
2038
19294
24583
19235
17794
5523
22960
460
14130
9881
8189
4461
6297
9893
8112
448
13
20031
16148
11853
23810
16531
18260
12439
13748
2097
21393
22922
18295
16117
20356
12009
9869
13237
8243
2756
4745
4648
6470
14415
19098
5346
18286
1603
16718
9202
3501
23537
21931
10371
9934
21508
22804
4215
2179
3385
12948
13900
25011
2455
9853
15514
7009
23011
13231
1442
4646
14602
23603
24872
3508
3513
14974
6830
7821
13310
19620
11322
13426
22486
14840
19498
15103
14688
12427
9595
740
24330
17425
9945
696
21568
22815
70
2047
19262
18340
945
23881
1803
12105
23602
21870
127
10817
7099
19213
1874
17241
22455
6136
16283
274
12003
3691
16242
5284
6943
13394
9858
10293
18118
21570
23134
15230
9802
18697
18523
17083
13184
25243
9498
22688
13026
18311
25081
817
16552
4792
1936
25006
22876
11117
17516
16545
12123
10390
11278
14875
20152
24272
15511
8758
19525
2907
11438
25211
2557
10117
18378
21703
13969
13965
4581
23349
13528
18484
241
6750
13905
15262
12970
3829
5499
499
23449
25212
24043
10867
24991
4426
8382
18691
2576
19192
6662
3170
5215
20027
10171
19156
22171
14218
16051
18640
2183
813
23828
14063
4851
14397
7974
17033
72
1942
16559
1511
22803
16499
18432
13459
8362
1047
9622
9401
13214
22320
16420
21641
15973
13646
6724
17354
13783
19376
4241
20993
24981
20934
19327
1313
18871
8857
12387
19714
4501
1253
24441
13915
6240
9769
23577
5663
13478
13839
13230
12224
6338
14434
22294
7230
176
22728
25066
648
5491
23843
22779
11943
10080
1518
15035
4901
9792
16477
13692
16722
13750
23581
875
5377
12152
15433
9888
20247
11132
5370
12787
13020
1551
11882
17337
23950
17827
16539
5767
257
19426
4332
18009
1105
24412
13062
16737
1035
12174
13283
14929
16201
482
1236
23839
1407
1628
564
19239
10560
23337
19999
13638
22158
13997
2760
10906
1340
22428
6886
3772
17098
795
21128
2754
19238
8175
16954
1856
14859
19594
14907
5872
3059
5530
1278
3594
8342
22739
1893
17856
8863
1745
13342
19039
21267
19481
3453
23170
6434
20049
13699
23330
15652
2990
9259
16663
13120
1483
5311
6149
9639
1211
17851
22379
3785
8786
17206
19814
11222
16812
856
13059
8365
10913
23097
23952
19777
18976
10834
17853
8116
24979
4930
6720
475
5687
6852
20991
15920
22390
16452
21373
235
14830
2766
5655
24816
22471
13273
5605
12345
19439
18736
15456
745
4762
19407
9718
18193
21631
24216
13794
6589
11079
13606
16258
11360
20037
15683
22858
4909
13112
4085
104
542
7504
22177
19379
153
6387
23163
802
21061
12978
21278
15341
9725
16895
11709
22936
15657
25180
14559
2783
1800
16680
14981
16918
6381
25075
25095
5026
8978
25109
22653
25035
360
24281
837
22063
24180
5536
204
7072
13688
4747
20763
10843
17010
9487
6689
2059
9697
10032
22318
6611
16619
6130
2030
13386
12240
22678
20073
25010
18427
877
13040
23051
8010
2213
16890
7686
4615
5471
1848
11945
21087
25210
13044
1980
20889
10221
1853
350
16847
7162
20290
13389
18059
12426
2917
9633
4031
16767
19505
8216
20921
15623
16942
23722
17847
11628
21806
17294
177
8903
2950
7036
725
22221
13222
10086
16338
19425
3006
16389
9050
16890
18933
14592
9834
24080
4583
6064
20088
13911
21837
22168
21156
25146
17029
13336
15985
12090
21674
10099
11439
17528
1435
22045
14431
2377
12032
13531
13744
11431
19268
2366
4818
1370
1885
3521
11451
5936
14267
58
22699
11858
17643
4975
11876
9381
317
21678
25019
2559
20758
12102
18326
3018
22497
15258
15263
2465
14926
18513
25225
3859
18953
17969
605
15823
6960
4249
22178
4918
22676
11143
17050
23918
17739
10106
20362
21163
14219
5022
25248
3885
790
7040
9010
15060
596
18262
376
8357
7800
11343
11917
1972
13610
14879
13024
6942
4711
20526
12179
14975
15622
9018
17097
5982
6693
19103
24236
9971
592
13543
5561
1812
9783
11446
4238
5683
14385
23861
15955
21995
25110
19335
6734
23753
673
4454
7274
14006
19027
1918
23726
635
22060
23842
23971
21552
20623
3873
11194
11803
9998
2031
700
743
9958
17377
15273
9450
5750
24208
11979
17766
7041
1757
13538
3648
12667
3474
22973
2496
16156
16924
12945
7138
665
15557
2396
21217
5218
13223
1877
11620
23985
20859
17072
14761
19899
9209
22800
14125
949
19035
13011
5598
14815
11453
23561
22360
9878
8891
12519
3477
22451
1475
18705
21871
17916
1164
18467
7248
9525
17996
3799
5362
4616
22437
2329
13895
23995
5757
13338
8699
24356
5494
13065
13580
14320
22182
7561
9447
11865
23799
9378
11984
2331
13609
10509
1288
650
2897
7587
9016
13041
24698
7385
5974
16960
2129
21025
18633
19849
9961
22120
21004
3330
17885
11176
12060
19657
12135
14698
6364
22054
1597
927
14865
5281
13428
16462
5464
19480
11786
7961
16085
22061
16457
14378
7866
11101
11145
3461
19593
15940
17762
22671
1028
2852
1328
13443
10231
7860
9874
18964
3786
9409
9523
13028
20207
20601
5437
22419
13666
25280
11310
18969
12386
22366
15971
1691
20897
5647
20240
4457
9213
2509
9172
12486
12226
2638
10329
598
10970
5446
20445
19415
4180
71
12460
12943
20217
15841
22985
697
823
13685
11154
2679
19776
14047
1160
5636
7038
2877
19263
8694
9341
18386
12754
5286
15019
17022
613
18459
24123
16954
2557
9897
12000
12449
24143
14765
7319
14120
13861
6165
1362
21326
25106
2068
24689
20936
4936
11916
85
17361
570
2856
146
13247
2764
8636
16393
165
14674
19396
2747
18965
7632
18038
7739
1811
9345
19918
1882
16986
5011
14986
23621
3490
1582
3390
22963
23700
15195
4782
2893
22103
13597
20436
14192
269
13128
25100
15649
2785
8119
23539
11018
13921
13045
115
7738
946
19414
1646
18481
2772
17466
13675
14137
20101
19195
13186
3379
10393
150
16697
14469
12285
23078
18947
22181
18720
8398
19072
832
14355
17327
15886
16388
24184
3810
4850
19580
3568
961
25174
11840
16133
15806
13323
11172
7870
12951
8319
22412
17480
4154
25254
16229
15896
813
13680
14200
8113
22725
20608
10209
13072
1656
19677
13599
16741
14845
16768
16840
9791
13409
25013
9344
526
4685
10600
22383
2386
6201
14159
10554
4030
1006
19134
1987
21724
8248
22710
2923
23914
15662
12055
22724
16182
20408
1191
22185
23120
19995
14580
19303
9760
2704
21492
23704
1365
17293
3463
15221
2360
2798
1572
16668
24785
22310
1576
19716
24886
14583
18264
22552
22405
3895
7085
7759
23557
9860
22241
12723
19469
8086
20595
123
3921
16814
9645
24234
926
11045
5775
24136
13961
12529
13665
12103
1605
11956
22323
6266
22368
5617
6748
16400
20851
4450
20904
7
13499
9153
4434
647
16298
14871
4259
1102
20037
8036
24783
19292
20110
18684
21111
1005
20615
20017
6253
19329
22950
19126
10430
11381
12507
9736
9975
22460
12827
9254
5331
20467
1144
1092
4367
8798
12887
18866
16552
11386
21252
9649
20912
4670
358
7742
14867
21713
25099
24031
22175
16817
1538
84
6071
25239
8154
20962
1314
14931
5545
7805
1482
12071
2966
18396
9914
16886
23562
9610
8949
24020
13650
9011
23894
11890
25069
2762
17104
1990
24395
2830
191
11538
1087
1355
14209
18730
24803
2158
9812
2361
14997
16382
7621
22130
24935
3491
714
24343
12988
23446
25184
8781
21497
21564
2152
19962
20146
23832
8014
9300
8341
6070
14093
24041
312
6890
11156
13914
9776
5624
18281
22212
23364
17949
21115
15952
19968
19412
5762
4979
22869
3293
18515
6049
24388
2406
21869
19025
13053
1025
17281
5251
6565
4644
13613
23129
19892
387
13139
20639
6157
9283
13728
23710
23903
12171
19659
3896
15721
18349
19435
10068
8508
4419
8401
2469
864
10021
5927
8144
16037
18939
10079
3152
13570
23453
13795
21043
13996
5386
9739
12453
21943
11448
10236
22920
6673
19987
2764
14971
23778
14565
11823
2219
12459
16860
289
57
23499
23139
9732
21811
8237
1993
22672
22727
21155
23194
16020
13635
15926
13401
22836
21704
6499
25277
24753
956
13212
18983
7108
13649
22143
16920
9067
22919
97
11912
25109
6551
19775
19756
10001
12476
8291
167
25152
6874
17080
19834
22381
12729
19743
1488
1643
1405
18043
19093
17267
12064
20246
19904
24082
10388
2420
16959
11442
3357
4733
22517
22697
950
822
10425
23242
12976
150
7568
23536
10089
18418
13354
19827
7508
14388
7470
8244
20481
19516
23900
13094
21014
15933
22242
11783
23340
11586
2257
1840
5738
19063
21006
7382
284
22487
13476
22707
18484
22261
17245
4536
6160
15086
1685
19265
13229
13077
13248
18036
10071
9193
3766
4106
22638
19468
3733
4405
24960
19104
16654
18577
4196
16872
19840
9112
16149
9248
8391
1216
7671
21177
11835
19850
2967
11974
9242
9561
12779
5959
13474
12756
24094
568
13545
19846
3509
9027
13972
19313
12061
6503
20188
2286
7155
22942
8555
25010
16721
7067
9676
4746
6332
19383
16275
7131
8756
18731
27
4527
13547
11723
16150
3983
4785
16544
20558
2911
19006
3855
10577
996
4566
17502
17191
7228
22014
7177
13017
13829
18282
14345
25224
12462
17100
10368
22696
12415
15232
21797
16327
24789
25000
19831
12833
114
1524
18406
19544
12161
12244
9890
21353
8258
13503
20527
9837
2266
44
14636
1380
15174
5455
21476
23019
707
19241
10742
8205
4016
21603
23622
17139
7474
16939
19177
8374
7578
1960
17843
319
6778
15373
14628
464
19746
24646
22141
5508
2915
14373
6613
23477
14627
19506
576
22673
21424
31
22494
16140
2233
2605
22319
22392
24062
18025
19069
19120
492
19665
1006
16756
9919
23604
5711
19270
25083
12391
7584
11002
13097
3550
18360
135
23300
16660
19097
326
4514
9081
18988
759
224
14552
16824
17209
2989
6230
17779
12991
8977
21634
15723
20029
2779
2188
1665
19293
19591
2287
2209
16186
9436
15160
16011
6615
14447
24349
18020
4342
7924
10011
10163
984
2342
11466
22042
13589
6623
706
2402
21351
25278
13714
12674
21380
17833
24798
17547
4382
3226
9276
18989
22669
15152
6600
16168
15190
18618
18138
932
1132
93
16239
5763
2234
1534
22439
8292
1051
18109
2211
18558
15632
18269
12252
25223
25182
2853
19390
14939
17379
16378
3833
13836
18008
15936
9891
2045
2012
5746
6773
20000
22393
22109
16543
23913
14736
486
14808
8089
13876
4438
9530
20255
20412
11095
8381
5924
21214
13496
18715
24405
9122
18092
806
18557
21491
8454
14080
20230
16711
18272
17428
523
22291
14325
12074
1099
17106
12132
9825
17176
16422
19846
754
169
18227
985
17310
10197
19041
1531
3167
13529
6430
25012
24231
23586
16497
18747
139
19057
5427
24217
19062
1068
5322
6769
1594
2555
20010
10334
15976
17078
16784
1347
25265
1660
19077
22196
5252
8998
19047
24610
19081
14104
22154
5101
20179
13189
16644
13546
1742
13643
23820
23572
13220
6708
557
17133
22883
13400
13269
25136
12390
11903
23242
21445
4992
23868
16099
5650
19015
9408
16766
13352
4379
5618
11048
19816
12393
4866
18712
10408
22029
4172
5301
17239
12070
16273
20836
21361
9328
3515
24194
21922
11879
18675
22529
18634
9706
20341
11598
2803
2259
22047
11909
6292
14196
17778
15033
19226
1816
19492
9512
2807
16465
3816
1310
8368
6799
2627
1296
16323
6522
21248
1269
741
13033
6695
13756
1854
20894
7458
5578
10785
2159
17434
1900
17829
17878
20219
5661
12702
8371
11379
1703
22719
22321
19490
13466
24051
24324
1749
25072
18745
827
16518
23605
12379
17242
25237
2153
22741
25242
15130
3089
10084
5804
22343
132
23573
20653
2595
19015
4718
4652
2547
8870
10835
25168
7012
8141
23887
18334
22330
581
13846
19751
8705
16487
973
17164
21448
16898
23526
25101
23056
7000
5673
23606
20008
9226
19330
1198
3007
2956
20329
12209
20736
24497
15826
13147
463
22560
9790
4775
19371
4267
12516
22650
13510
20286
10664
12906
16793
22179
17977
12843
21384
22173
22537
15439
6887
7486
416
15987
24269
1159
22301
13454
554
19745
245
23175
14758
5772
21863
14743
4341
21971
8203
19790
8091
24690
22729
25018
9571
24037
13594
13820
18723
22446
17899
16221
23932
6697
13146
24766
1491
15004
11732
16486
10316
2842
19460
20096
1806
14962
435
24268
11922
19205
13705
3976
3677
4502
25070
4497
9148
3878
4415
13765
3495
24238
5704
25143
14632
19815
15111
21704
5350
17432
1268
24143
923
18970
12265
6243
13302
4325
681
21154
24310
3240
16271
1420
23773
4545
2393
24989
4112
16316
9569
10504
21573
15
183
12980
10733
8767
9862
19725
47
3230
10328
5042
5633
13891
4493
7968
12738
7310
22592
21806
325
5328
3504
250
20244
14556
5418
13485
9142
13774
22780
555
20551
4562
16253
1463
11651
19454
19638
1401
23289
15990
12114
1554
19837
7379
4036
7543
20512
8246
14794
2824
18101
19265
6327
25147
21795
13640
13723
14783
19514
8312
23727
21268
2109
13593
4950
20927
13747
1627
20215
4327
2319
19536
18695
21589
9807
15638
8320
3335
22253
16079
13894
20004
8146
19092
15819
11372
22395
18863
5603
4465
5129
16154
12371
15969
2242
14078
2355
21555
2540
3702
21946
19079
25148
7305
17001
6158
23022
15930
4308
16536
15313
14588
23160
4839
22937
23017
19018
19889
19654
24045
7556
25263
11547
22489
15562
24757
21427
17892
22605
4579
967
1193
5500
3053
20039
8142
9243
20489
14988
7213
22479
14903
19506
880
5453
5000
10281
1208
3573
92
15212
22287
19494
23899
19152
21874
22640
22817
15268
11595
21843
13456
22948
17989
6511
13274
2146
4233
12401
21990
15633
43
21000
14008
13578
25214
9403
5543
7102
22531
4242
25147
7001
16314
4809
23522
9655
22994
9241
16714
12764
5089
24102
19385
22169
3840
21786
16223
21852
18788
23971
1976
22124
297
22048
15840
12029
23696
15017
16643
22215
10923
1007
16329
22844
11303
1258
17474
14027
3189
3721
4296
7973
13402
15635
21998
17907
18977
11092
18941
1818
13579
14639
5700
22219
23877
19146
1198
22850
2763
21269
2940
9317
18636
4124
20651
12137
12946
15135
9929
4351
1552
19643
22158
24225
25062
9931
12957
19521
3807
7327
19176
22069
15297
15928
13459
5314
19380
13749
2390
10122
17288
18805
18906
23546
19243
13150
11581
14810
25262
12680
13372
4032
2808
19605
8352
25051
18268
18473
18173
9658
2974
19713
5612
6468
22949
19332
15965
8226
9244
7419
15020
20515
11640
13469
24196
3776
21121
1549
7928
5859
19789
19010
5360
1323
1566
22262
3174
10232
710
18080
8164
6087
23007
22974
4739
22845
16395
3118
10214
1242
2948
15686
23500
9035
21793
12207
23225
15100
5651
18938
19046
12584
1513
18222
24140
17426
22641
16311
800
6140
19112
21866
4444
5658
14746
1592
22342
7740
21124
10450
15119
22234
13908
20075
19208
11913
22163
21819
22521
322
20932
23173
2224
936
23191
14429
22997
24570
20104
13326
9902
6549
11378
18060
10345
15304
7092
6916
11860
13112
13035
5009
6571
23568
24998
2570
14792
19106
23044
4989
16369
23198
7913
20310
20267
16789
2016
11868
3101
6320
3683
18486
5670
6198
9685
3851
15360
23740
19598
2207
22977
1125
22887
12697
15266
21276
13014
1038
810
1795
906
22711
20058
13637
22916
22300
22208
7183
4860
4151
1226
14366
14095
8105
2480
14892
22270
24317
16807
3975
16979
7104
14455
14028
18728
14869
5478
13552
6762
4063
12716
7402
1176
17566
17436
18057
23584
20882
712
22599
20030
13867
21190
4899
25007
14535
3078
24688
450
7971
12661
16089
23699
730
11907
22959
3879
16077
12773
16187
14744
23643
3544
8737
17137
19012
10548
13280
13821
18943
4286
25142
23989
14651
2849
13616
4486
25272
13145
20254
9507
16912
14702
2307
5336
9905
1251
15124
22996
13317
25251
11982
8194
22268
23299
4248
9513
15219
13663
21613
5565
1141
14705
11739
12273
8123
2531
546
19370
23657
13999
22567
10405
1570
11202
12813
18202
5306
1267
353
10436
15142
15813
6749
3960
24466
12259
5943
3617
3749
1773
21569
13318
15026
21910
5996
11406
11782
3374
16312
13509
4033
19843
2006
15949
46
23179
20232
23849
14261
22404
17845
14650
23901
17569
14195
22357
8315
22106
4087
15859
24693
1207
24484
21629
2964
8048
2831
203
545
13718
22201
642
1586
10023
10518
21274
15670
17728
14127
23481
8181
10631
15837
8399
9942
21136
18285
20853
13163
3485
6030
14656
4754
22704
9866
24548
15375
10205
21936
8047
9721
182
11505
16445
7296
2163
18129
2436
12434
22371
23187
21222
5075
22289
17838
5535
1926
23571
16699
1218
12757
5244
12241
13827
10306
14402
10958
21999
1851
19452
23711
16171
20231
17269
19186
23846
14629
21581
14530
2828
24032
18520
18203
14166
18711
18450
12998
13215
16463
13018
1624
8990
24099
3116
2418
10230
3249
16329
3117
6438
19284
19882
13880
2587
24255
1641
316
13181
1202
12962
19045
19051
11205
11447
4620
13445
15165
940
3952
1024
18475
7678
1564
20109
25124
890
17431
524
18916
19078
22036
5547
9008
2791
17812
351
17632
9786
25065
1392
8174
21625
6357
23142
4851
6111
23012
16739
24328
10378
24437
14877
4748
17105
20374
15435
18750
16922
16546
6380
10174
16390
23058
15082
23796
13754
976
9999
6577
25157
14205
22723
412
24079
2380
10108
9384
7499
16143
8214
7550
25245
13780
11315
3469
6766
20347
21260
1237
24
2084
25091
835
22792
21205
20609
20610
14941
12445
1626
4136
21754
9199
24038
10563
17629
15587
3149
963
1233
746
2970
21374
20128
19210
2105
1187
8658
24637
3663
16777
16628
4344
10278
19408
18892
21654
12031
24296
18307
9968
8805
2310
21280
1497
21712
20907
1376
16404
4603
17073
22918
13553
971
16095
437
2216
6322
10275
9916
18
705
16068
10077
3736
18507
5991
1466
14246
10038
19234
739
18733
12013
20643
17063
22310
21748
10329
9363
19769
10022
14084
14408
23483
8860
13319
23984
6426
8210
13341
16858
1877
22579
22489
2647
25071
22048
2573
4695
6068
1910
13259
1330
15673
3399
636
15164
128
4960
637
1021
13832
17097
14102
1971
18545
560
14067
21303
2645
6143
8243
19187
2261
23080
15332
25202
14147
15383
11383
671
23851
12388
13660
10948
3361
18115
2056
13994
16763
13107
4395
25176
9637
14795
21859
13837
3499
25235
12232
2908
11825
12204
914
24119
2328
16563
16594
9832
6629
753
13463
22694
18586
13807
13920
4538
2618
23963
1637
13628
4347
19936
19763
1579
13219
3977
16715
7950
19858
18392
1486
20083
3051
12734
2200
11915
9779
33
1138
4829
15507
5688
16494
9364
4813
8311
717
18162
17890
20130
18174
8816
13028
8332
2149
1139
408
19949
21033
16940
16592
5269
24888
23692
16728
3762
14332
21341
24206
13693
14544
11113
5246
2271
21506
19585
1436
22150
18242
1456
23153
24690
26
16163
16483
7180
4943
18930
6395
313
23474
15159
4295
8358
10489
22485
10248
10256
23853
7448
22194
23697
9437
12026
7251
9747
23161
21207
23665
18968
18504
507
2111
19475
21826
17538
9702
19507
11461
8846
10476
19877
23023
16993
1419
8273
3104
2624
22600
5277
18984
3241
14833
103
14536
22026
17275
2799
9729
19670
23465
23516
13141
1514
9728
162
1747
11334
1889
21443
10179
16612
1291
10280
8193
1666
23174
20878
24701
19547
3251
15644
22098
23063
9997
13464
24387
13885
13450
21368
8904
7963
25027
16075
20469
5955
6465
11815
19128
16230
9987
15878
22282
17062
16235
7595
4977
13559
13890
4366
14033
1869
7242
25165
25188
16409
16705
10587
25166
12701
13862
22838
4357
13085
15992
10485
23347
631
18190
17475
23284
1639
19487
14905
14229
1381
7669
175
20607
125
23362
20191
18049
15173
24301
9261
19855
5525
24286
5764
16564
12820
3938
14896
14747
14232
8843
9670
25129
1620
7365
25044
5515
7534
19916
8309
2172
24179
6715
2062
2991
9696
9086
14972
17079
5550
8158
2412
5601
1784
10522
7735
5666
21680
3533
21594
2359
21594
4651
1557
14577
2000
4521
16933
8803
10286
1547
340
8784
6443
10508
15191
1178
607
13403
6028
13992
13564
21392
20980
21807
16481
15180
23069
1770
13942
15032
12343
16755
15141
15897
3845
1760
23718
9288
19353
18781
10456
1241
1917
22353
14458
16024
17086
17644
19340
3644
19297
17346
16078
3682
18811
9906
2267
21576
13801
4681
9980
19511
14848
9184
1069
5308
19645
13647
24559
1096
4669
16877
19859
10545
2417
22340
17639
16863
2857
16761
21642
20493
23509
22396
15861
23302
6639
17558
7588
13534
9423
24337
19738
23405
14000
2482
13226
13715
2941
10060
20193
13170
8262
19760
3750
2227
10527
16144
9659
24867
14862
11382
9761
6010
25024
13955
7303
3177
23068
15170
618
20458
9802
11525
3684
19711
19306
23948
5739
16246
19592
10468
1020
9445
477
12727
7901
1581
12132
6104
16444
20569
21539
2817
1187
5319
13268
9424
18206
6142
19618
17166
11672
24077
22223
23844
16495
16452
20517
10993
12375
9777
9125
19403
13494
8169
19055
4257
21805
22541
13776
5294
11440
4696
21639
19271
16035
12043
453
5784
788
13851
14180
19330
19125
18987
13701
22924
9758
5965
4076
10159
1573
4532
10956
17821
11331
19438
23283
14374
5909
12104
5577
18018
3378
11032
7435
19499
22199
25037
9312
24842
462
15781
22732
1638
3959
11883
10634
19320
6054
4980
4084
7061
7312
12124
14788
4842
977
