13442
25258
8977
1806
381
22246
9154
17270
2507
189
18485
13138
11709
13063
2749
13253
2213
23157
548
7455
13649
20659
1481
4441
7321
16512
18106
15626
6389
2744
2857
11543
18162
13328
7042
9996
722
1674
22895
1049
24231
14841
20132
6677
7746
16681
9961
16877
22108
6564
19215
19298
16313
17867
25208
14203
11901
4264
606
17602
7185
4988
18943
5993
8948
4927
25014
3254
12546
23215
23394
3232
17200
7242
24109
13709
1659
12348
19086
5617
1374
1136
16739
16155
12744
20150
19006
22416
18326
25001
17801
866
818
19350
18437
15759
19217
18008
22287
4426
19245
16590
25123
19877
12108
25013
16986
22130
9599
3037
16291
2982
2517
8084
16660
20072
14244
3773
16565
20179
6161
13212
3977
2670
15768
498
17796
17774
9938
22937
3250
15630
22393
6314
25080
10011
17667
17124
13693
1013
14182
15754
19165
4449
7472
22173
10835
22617
17559
263
2767
7175
2808
366
3298
495
22771
24124
13585
24758
22319
16093
12958
13207
14972
16073
440
185
5591
314
15644
20745
13617
1210
11827
22098
7901
10461
7256
9249
16713
8056
17290
22668
22670
9572
11973
20041
906
20607
22092
16918
16718
1530
795
2080
13493
1082
22764
17269
1465
1069
1197
18952
23278
71
14705
1515
22254
15265
25196
13462
1870
13114
13458
22806
8233
19366
9954
15243
16139
21805
5219
9233
18457
24214
391
22725
3128
5290
4565
22252
4486
19597
22158
5418
21589
1356
5121
16675
18904
16851
20081
4435
1401
17880
19327
5183
17191
10289
17826
23538
2963
19182
960
1200
2385
10437
16932
19526
16030
241
3173
1418
1517
9360
1599
25076
1007
15939
24182
4834
16625
7981
18205
3240
13233
708
412
24318
23002
14603
16020
18137
15958
19078
16363
2763
132
10037
864
18546
20408
2817
3059
12854
4528
20494
4380
1259
25244
3813
10259
2773
19966
22896
4158
3172
9620
4617
21748
5945
22435
976
8102
18139
13744
24355
802
983
22485
24198
11331
10190
14896
9928
331
15717
1942
22317
20160
3642
6288
19519
9654
23393
20310
13729
14963
20186
155
16327
25197
635
19548
1776
17990
7497
15985
1511
9283
19060
21859
23955
516
23775
938
16913
13326
18731
8005
9931
19178
11170
9830
18554
13861
6485
13098
15939
12067
12117
20489
7354
16505
20219
13911
2268
199
19031
25194
22716
21153
8041
22030
18735
8336
1666
20206
21997
2154
22343
13813
24133
15002
16720
16907
23138
22594
18525
22468
7710
38
720
21397
3115
23091
4353
18364
22298
25216
1898
22904
25267
7099
11040
25193
18040
22227
24312
3843
14277
16336
1500
454
14004
23798
21258
2349
21248
241
16809
25199
8792
14401
2074
9681
16983
6183
22821
20128
4259
23023
20493
20165
5704
17792
1824
18993
18396
1338
13027
20195
607
14036
12962
10250
13273
23997
13213
2772
6801
22362
2638
7565
17043
14041
9410
822
19300
16943
25254
19448
23566
22211
1376
14875
25239
5601
9742
20919
24174
21660
4660
1405
13523
10083
21872
2064
19187
19919
21087
7789
5580
4901
16909
22984
2894
12048
5220
19152
9316
1258
13142
12874
25095
2593
3249
986
11755
16094
16621
1557
22394
13829
17046
390
16580
11941
19777
16365
12914
3641
17864
7846
21564
16733
7131
800
8870
6156
6381
486
13427
15557
16811
4005
2537
16446
2800
23420
1209
19715
21642
16772
21674
22274
1140
8078
19971
8257
15269
4995
19555
16047
2905
18332
4266
24022
6945
3125
3546
23381
13340
369
13591
13195
3555
825
1025
8185
1510
5441
20905
10736
6997
1598
22131
178
1918
13620
19868
25157
21862
22856
11821
15246
12133
9907
13634
8178
15282
11376
20608
13718
21835
16584
12525
2185
8325
13970
17474
5915
3099
10883
15471
16518
19950
13508
17293
22925
22346
19471
5655
7973
9610
1171
24051
13495
7621
7138
12211
19435
4233
23617
6774
19657
1144
1190
22519
24282
16592
12056
7530
13400
880
12269
23839
18445
3198
18229
18114
23506
568
22094
4698
11808
5089
20223
12442
453
19052
18975
268
15951
926
1325
1527
14857
18147
21431
8355
6611
137
13597
9701
15936
173
15688
13134
17018
14002
4539
4121
5611
13181
297
18254
22808
16589
17141
22788
13554
3822
9727
20071
2314
25290
14115
20302
19493
13296
22600
19758
7539
21820
15971
12701
13946
19887
19269
17155
3244
25248
19166
16919
266
16470
7126
13619
7858
8315
21556
4960
5301
1584
11153
1243
4349
21858
16487
958
22019
4112
13608
12128
21360
2055
25004
22424
16544
3971
1981
9501
22983
4992
13755
22153
13479
1400
18978
19386
6678
21219
14951
19066
21682
587
8856
3509
24950
24015
1051
18390
18295
13737
4697
11077
12471
9630
23006
7896
16539
23754
136
3638
3095
19309
20240
1877
21197
11485
623
24120
14975
6476
2411
17365
1316
2746
1
2259
15127
1199
8449
13450
23293
382
22404
3807
18965
5075
9987
15111
22
10577
10986
23167
20550
19509
24185
6267
25124
10116
21831
16366
4519
7880
4024
20175
7637
6674
3785
21829
10114
9042
16607
1201
21479
8407
16701
1879
781
6343
9710
23289
25028
9064
5596
343
21777
21671
8698
19423
25269
14356
837
21411
4464
19420
887
3466
698
20248
7328
961
13628
15032
18939
21793
17026
1576
1885
8370
16195
15906
2804
25149
8773
23144
9425
16570
13787
2794
8096
10144
20398
4412
25012
5624
6800
25123
11637
19019
25144
12870
16617
18099
16203
23121
20198
15023
7855
19831
4805
15163
8266
10475
332
1991
8705
1185
9186
22605
17436
15690
12379
20908
18061
16875
22112
8612
12965
9651
373
2764
19690
8114
9788
6664
16085
19208
5953
488
1615
9672
17917
24989
103
12377
10983
8357
4749
20878
3980
2943
605
20225
3698
17654
599
7393
1545
8043
15529
13
16381
398
1306
16478
20082
2232
10525
14067
12266
1302
16170
21267
9159
18983
2336
2647
13803
13159
24079
6077
25213
20892
15891
436
9669
22380
9966
1790
7014
21370
21346
24239
21892
19589
10032
4084
2009
24169
9226
5500
379
14789
551
6707
2370
6719
1513
16844
12054
19776
24269
4646
3048
19242
1087
4616
624
14023
9424
5413
23142
4398
16695
15587
16709
2481
1024
2747
19153
10029
12435
1768
856
14603
15699
22210
922
21770
19024
14022
20586
3867
2366
4743
23431
13770
17390
471
13908
1369
23117
24723
7263
2318
12975
10906
2133
2161
4543
24135
13229
9854
3291
2969
25130
18739
1917
9640
1187
12391
3985
25066
19854
16078
3589
994
22538
1589
9983
22106
16509
9557
18273
12275
24362
19684
1802
9844
5404
21208
5241
5463
9400
8342
13666
16558
24331
18160
4989
16084
5528
9749
22899
22360
2610
1876
16571
20649
19185
15203
17090
19045
10122
11859
14130
479
16704
14739
21251
17240
9748
22346
10919
1010
18820
7061
3378
7267
12999
5345
1334
17855
1809
14911
14657
17439
457
21423
20739
23963
1249
18647
6511
19595
15966
19618
8365
23078
19276
14709
4382
7554
25223
17918
18222
25245
2100
17970
19889
14487
14867
21211
6399
22265
19238
1132
11629
10046
2359
1457
9
13475
5533
6164
22188
9150
6306
6106
16251
34
7425
759
6423
6640
4812
5713
5665
25031
14891
20445
18976
1642
12448
18568
23155
9302
23284
1912
16927
21164
1236
13898
14205
4587
16757
13347
9783
20249
9109
1147
13346
7170
6923
4793
13502
11307
12080
19318
324
24332
13497
23315
15136
22332
6589
16099
23228
18058
10043
4295
19207
1808
15262
19963
12974
17325
16960
13593
13993
416
21965
6710
4413
13324
315
15611
22381
15680
19481
23438
1089
23628
9082
10883
3046
17071
4888
16886
3155
13927
3879
22495
11231
5563
1878
5961
18470
22486
23090
1939
21754
618
20026
21530
22220
15734
5242
20557
9274
8869
13443
23510
5423
5879
19771
12257
10882
23467
13541
19097
8201
22142
19533
11926
11567
20162
25203
19816
545
3075
862
21658
19
291
19431
16703
19540
23012
15348
481
24794
8146
9950
12214
23025
1223
19787
19555
23615
24408
13514
3535
3783
5792
4016
1298
4190
13112
14050
19367
22149
9947
11586
22719
19299
20553
816
146
10266
13750
9351
92
8113
13464
2212
21941
5917
21327
10822
8378
19363
21472
16959
13642
3413
18478
25020
5782
1453
7297
22797
11095
14241
15479
2901
14851
14893
25099
16447
13761
8254
1714
18836
18269
13843
22482
6901
19204
13923
19627
780
23203
16855
14795
17286
10538
24348
13472
13492
22323
16144
1031
15863
19549
14303
16627
14544
558
21847
16269
9836
1278
1284
14763
13573
1294
596
4711
10108
10859
12963
17013
2734
23089
11947
23579
25210
14535
3308
2201
12986
16272
13357
4839
1825
23648
24431
19195
1519
19136
6111
5496
2168
13014
13155
19258
9845
10750
4682
19943
11779
24199
22366
22484
25003
23703
15258
15189
16227
9478
1275
783
11552
25221
8656
22872
16966
4532
310
219
1422
158
22682
22597
3433
15963
434
12786
16608
1202
24001
11708
16180
8196
5531
1352
22090
1977
23758
19051
9248
22901
24333
19776
18363
13246
20177
19738
520
15122
1324
1050
16611
20583
16471
16934
14748
23902
25110
24369
4417
8149
554
22580
2028
4917
13587
913
4082
10622
611
9394
22731
3890
22727
3978
9514
9719
5215
20593
9256
2102
25249
14555
23334
4791
104
22158
12956
22159
14868
7392
7339
9102
21269
16409
2910
17658
10288
9979
16587
194
12665
23442
8802
2834
19850
19161
18997
8366
334
19858
19146
13394
1985
6372
24494
17982
15818
22633
22266
19606
1075
25098
376
22378
19476
19032
13231
8378
16603
1671
15242
22724
8223
4992
13494
13542
9658
4437
18993
1645
13834
13633
16159
1158
16035
2851
7039
18533
13725
19181
8081
18972
2116
20358
2357
19287
7462
1043
537
19683
4740
6117
19042
1535
20064
18072
22084
10021
19506
13543
18695
23935
19759
3837
20032
19374
6282
18640
9648
21655
13996
19656
9560
5289
18687
16108
19296
21666
13071
1763
18135
25102
21201
4351
1848
24162
18171
17176
3654
13891
7169
22694
12255
23075
15883
16455
20201
1115
3174
22191
18198
4795
19015
18741
22110
8272
25153
25166
22696
15668
797
23700
16248
22095
19484
13320
1193
8986
24994
4307
23968
23243
6735
13878
2148
4740
23964
1222
15949
16633
12450
20395
4478
21385
25280
19167
13730
18564
12097
17615
835
16948
23276
17072
17128
2780
13912
21584
3521
23820
18430
19063
22525
9974
1340
9752
13118
10
3805
1563
949
17022
18727
3788
24751
14258
13550
13726
1218
22540
2762
20630
5760
846
17399
2879
11607
22066
784
24148
19719
15229
14181
24819
8137
23673
10152
6727
2213
3929
24026
696
2930
25019
10105
24281
5525
20073
22583
24867
17887
16754
2595
9325
5286
12449
23518
822
13038
13942
10956
16869
13614
18970
16009
13655
16356
9843
4372
19442
21648
1014
4731
11940
16476
23383
10580
24293
145
4286
6132
25052
24343
1881
19188
18417
25042
23699
16548
8843
27
7879
14903
25273
944
10943
1928
19186
3120
5772
22729
18387
12872
22150
15948
15840
2299
18398
465
17432
25240
2748
11384
18708
8250
2037
6590
19308
22963
19173
16436
3782
22384
13937
19848
22749
18424
22118
21551
9676
1056
14900
4025
13583
22639
12521
12985
3515
8059
12
18755
22750
19864
22712
6596
18528
9948
472
16463
22621
18258
1830
18071
17207
21493
1943
3772
5696
20663
9996
13000
14907
15823
941
18706
4281
25081
1734
6541
21850
2112
14297
5943
18985
19149
6063
13329
14635
16049
19117
18939
4603
4245
3874
13070
15904
1063
18728
17094
10539
6380
928
22997
19035
12164
21063
22841
22167
18038
35
23693
22578
17129
22831
19467
21233
13069
22199
12689
17288
22851
19584
21900
639
1460
10474
8092
14666
19314
8166
3304
19422
18892
1581
19993
14173
22289
3941
16162
2950
12142
11427
25139
16755
18508
13531
24010
13092
18366
20135
25000
6505
5479
1796
13546
11158
1896
22599
1482
15956
22347
16804
7800
18955
23184
340
13699
12971
16495
3484
4966
1262
8183
17315
9483
1608
9219
19731
21543
7394
23500
21103
1597
19137
8243
12957
1488
12375
839
3499
11782
23911
19648
3676
1528
16105
24918
22458
4920
2625
11299
19729
24106
10071
7275
11389
6337
3826
13716
13113
16461
3490
7888
18933
19003
614
16655
10189
7230
501
17484
404
16647
6395
21999
3639
9985
55
928
15310
15886
9858
936
23143
10279
16698
12632
22769
1990
22123
12518
9228
15013
5627
13485
13446
14749
22998
10080
6966
11836
22368
11388
6537
7260
20144
5493
13720
17811
12461
25011
9198
4031
20585
323
16612
22713
7292
19078
13219
9833
13078
7558
23237
19199
16843
19243
6892
16525
10878
405
16820
2196
13515
13376
813
13119
13182
8165
22253
9927
19897
1281
19070
17934
730
13701
8135
21861
1860
12772
9145
19507
18270
11444
16725
16501
18575
5672
2223
25274
8302
10014
8627
18001
1675
22077
1887
21032
11577
13789
19189
14107
3324
16556
60
24828
18784
4670
11452
5116
12820
7473
19463
10277
10534
10511
12462
11166
8731
17426
11374
13535
2247
21787
553
20544
12403
1143
3542
24380
3129
18220
2073
9763
10508
19141
125
24030
20469
16854
1173
22444
18871
10320
16957
2340
13580
18937
19264
234
10792
22291
21244
19121
20910
4579
17629
19142
1906
1273
6676
16497
21745
22374
9403
19232
24356
3015
23936
12734
22285
2271
10021
18020
13220
19594
2856
18636
11148
19106
16020
7197
9479
2279
5351
13816
6758
7836
17515
157
19474
18282
2621
3983
16576
2159
2545
21955
9239
109
13230
765
19856
6501
3122
5683
812
10059
13552
20277
15942
23178
19592
7869
24237
8818
19158
1221
7335
12423
19041
1872
8164
3394
15180
10425
2783
4633
9765
14930
13838
18995
12188
17353
12161
22375
12505
7574
8264
22433
25104
2393
13837
23256
9411
1540
16169
22429
16520
2407
19369
18812
1067
15004
23416
1276
718
17415
18730
5555
24790
6150
9998
9600
20148
19224
975
190
4887
10078
2962
1229
159
3470
497
2417
6350
19536
21033
2705
8816
23501
8805
13800
917
7504
23333
30
16205
19513
2799
172
845
9845
17
22590
23349
24099
1514
11327
3629
1191
11828
16483
338
2091
13724
8122
1280
21622
22773
24086
16672
10017
15933
2855
2848
18839
7944
21146
22460
12003
3255
6250
9967
13068
24007
19700
19346
22481
2294
7220
22820
17926
14536
3751
2039
11700
22516
24759
13994
10923
10065
17130
20007
24340
647
22619
10422
99
23073
21951
22388
9760
10216
20246
19660
19876
4473
11987
7044
3594
4188
2770
13211
24896
1739
5009
2007
21833
16654
13654
6048
15850
8873
15829
11816
16737
19022
4261
400
14786
4272
22868
21427
8300
19996
25084
15493
19447
24301
470
11291
19745
18355
1988
25005
12405
2793
13401
22586
13742
719
22869
13051
1370
995
13116
239
13965
18717
21751
9332
24753
22949
16514
14269
1685
18750
22233
18245
13882
12993
16813
24994
10870
450
18208
10038
15434
22823
13839
4975
1861
23719
22202
2750
1080
21394
22315
4626
13765
13589
18311
22059
1647
17024
16794
22236
577
21148
2446
7510
9396
10934
743
15205
2114
16517
14166
2554
19619
20183
1735
6559
11202
560
4785
20316
12239
25061
93
12511
1005
15099
7234
3043
21577
6310
4200
12058
21621
13258
19003
182
19205
13447
1455
13632
7156
25229
16906
1006
22049
21532
12173
23467
23225
5549
12830
18098
14725
4357
8174
12176
1946
1287
19138
16531
16283
3052
2758
2265
16815
18531
17347
8119
13962
11364
9990
508
6402
9083
20568
13627
20928
22449
2015
11187
20966
7016
22804
16912
11330
2061
22978
9796
5567
22381
21838
5082
23153
16866
15516
22276
12445
23649
13327
5537
930
790
2831
22068
18798
3284
15078
5908
14639
21878
2841
20052
1474
2553
3399
18490
19799
6360
10560
23843
22441
25032
17903
16070
952
18954
1903
13595
11821
26
13362
18996
19321
23398
20024
25252
3650
22040
23149
18367
20989
21568
1503
23455
6242
16816
372
3831
21895
12205
1840
14320
1257
3683
552
468
2251
18930
6155
15572
23620
16040
13890
15738
8560
9867
95
22607
13884
2346
16273
14598
22134
14196
15828
11380
3576
22184
17833
19579
12224
21921
9902
7361
16682
22665
17994
22532
10810
15373
24795
21225
13588
3890
21034
13556
979
4416
19232
6932
23135
22985
1264
8184
2157
22177
6003
8175
19591
13637
13955
16941
20391
16559
12949
19098
578
9382
22611
1605
21285
424
20049
183
22350
3559
2927
16917
19630
2718
24999
12194
6768
2328
4522
13261
14219
16770
22780
19371
19586
16911
22122
22475
6249
14877
7110
18832
21793
12288
8110
17425
5322
8046
1418
13232
6581
641
1195
3348
2082
24701
7458
11279
16728
16389
16937
17222
71
16679
1073
13171
20321
18002
13477
16769
7747
10481
9861
16032
4830
1093
24629
3118
8249
16390
3028
16651
1800
8191
6426
16732
3414
9571
24991
3908
3994
24325
12829
14231
19929
6109
1801
20010
16952
18331
14859
1178
23507
23104
4798
22152
15082
21817
2388
22785
426
14295
3149
14767
11819
20238
10912
13689
13316
19095
11889
278
9401
13034
16482
13916
13321
7585
11916
13939
16939
23134
14105
2989
19994
19239
5465
19118
23964
18977
22357
6284
12289
18177
15705
11317
16457
2358
16451
16993
23563
21630
16658
16908
13129
8038
19225
22647
11129
21827
16765
14702
19953
6232
186
19632
11355
4428
16499
16325
10948
9934
18051
8978
22971
23932
174
16306
1069
5804
17531
18869
44
3140
19931
3339
15130
20244
16540
16246
16445
22354
16479
441
2225
12995
59
15088
13030
16605
14638
13607
19898
23261
5662
6792
14842
19947
1146
16547
3801
63
13875
6365
24172
707
2167
566
23483
4906
414
8777
16460
11142
9381
7357
8248
7989
3809
13561
6952
16784
13251
4164
24883
4771
785
20193
10737
10518
20045
11377
9740
19102
3720
21461
2260
150
18154
8144
4769
22439
16528
22230
22102
4476
9035
22128
7602
10861
16636
3041
4721
8358
974
4536
13732
6617
11274
3692
16182
25173
20581
923
25108
11829
1476
4684
2147
13141
6481
24118
9857
870
14446
25017
19437
23937
3873
19454
18386
5489
13188
16271
14942
20614
559
2755
7715
7083
1821
7172
23050
20513
3063
18971
24558
3431
20123
21576
16503
11453
8692
19322
20473
8319
17765
10325
16147
5235
18965
22186
20194
13759
19262
5663
22743
2769
25125
19037
1893
11799
21649
18545
20606
4241
3058
17868
18597
3714
18260
1968
4978
21646
18458
6149
19521
11908
18764
15638
13640
9850
24695
23564
1152
16178
2458
24952
12961
3513
16629
16215
24576
17316
22541
12079
22472
262
1591
23687
3047
119
19673
22075
10540
21323
21131
12778
3461
13454
25025
519
15313
797
13478
13609
16705
4366
1240
24226
1614
23233
22258
110
4068
12246
11344
15948
18455
22331
100
22586
25016
504
6192
5559
16858
11740
167
24842
19087
3135
19655
19148
21980
1761
18736
19304
19307
23130
6465
17913
11367
1228
2902
7644
20384
21396
455
12182
1534
22140
25169
5702
1009
22405
11809
17938
284
15406
493
21344
15271
458
1198
22689
2355
4340
19523
11696
231
13216
24483
10064
17228
8204
13414
16301
16599
12480
22175
3464
24285
13611
23115
9439
14932
1045
21454
13888
15878
867
16186
1384
6148
1541
8822
13567
16207
1869
24721
298
13830
25039
20206
769
7391
9617
13153
15508
23886
8226
1913
3551
4472
4953
22881
16756
15381
9593
13108
19396
4849
5123
13264
16022
17428
9784
22780
13454
22700
15086
18849
3741
9299
14093
1265
7200
12760
16666
701
538
19005
16753
22781
24364
3467
19127
12776
17242
20168
362
16867
13222
3145
585
22228
25206
9707
8333
22060
791
25172
22734
10390
18642
18326
7308
23161
25266
16835
20760
13856
14893
23100
826
1728
21856
1183
16642
20594
15025
9924
13733
10286
14204
7800
18475
12092
13995
19148
2454
2047
9695
13869
1999
14860
2335
20976
3566
13036
23312
630
388
8699
16669
2900
19753
16068
2896
4491
20602
22450
316
16463
19145
8950
10037
24726
22162
13169
3929
9245
23539
6713
12563
1224
24143
7776
19442
456
23175
8939
1362
13625
13202
6893
22260
12397
16486
25147
13918
3973
13072
14267
499
12094
25062
6287
22034
16177
2771
9842
1497
9499
5049
14313
19707
22549
20197
7613
5511
7777
22082
6170
23565
742
22341
8132
16326
3091
14367
21272
24897
1832
549
898
13085
3840
19633
23942
17265
15952
10195
15070
2418
13037
22772
19669
10854
22179
9960
23093
8268
9581
3901
11145
8116
12782
6815
16610
2384
21891
19402
22065
22473
19058
16269
15248
13536
20227
16120
3507
22438
16801
4525
11310
837
940
14193
3327
13576
22559
20129
10516
21849
12253
5956
12121
6884
11825
21250
11815
1531
22654
8081
6363
16096
1111
16179
22458
3663
16037
11558
4220
17779
19647
16963
20120
7045
21
16805
6135
5294
280
1295
8301
20277
10329
2369
5707
16849
20548
3056
16228
11031
24289
3706
16335
25044
16278
1908
12759
9217
18442
18263
15988
1716
16212
22762
8128
16088
11982
18356
6390
4126
5513
19853
23080
15957
12154
6677
10322
19625
1795
491
3733
18166
8335
24422
5077
7018
2939
13097
618
19517
17078
18928
14902
16209
1570
161
13323
16102
15569
2343
195
5651
22468
22789
17254
8689
4947
13617
24322
2429
9631
16202
25041
6502
14953
19334
24748
15252
25218
25082
11092
17101
5393
20932
25050
1480
1765
9700
17463
9288
22807
11336
9597
24334
21779
23194
20604
19235
24880
31
25206
21709
517
16456
13459
14780
6439
7216
11180
19023
2235
6156
19274
17337
383
8798
3585
5325
22155
16467
1322
22581
1536
5005
3975
23661
10606
22548
16613
596
6887
5534
16500
13139
2392
6292
2979
2839
16308
11697
6035
4237
18674
12169
23659
21110
21110
20226
8237
13784
25145
13651
448
5655
18740
19780
23576
49
1217
871
16077
13734
8323
3854
19717
2472
791
9530
22673
13146
2952
4757
13140
13756
14228
19133
771
275
19303
612
21592
834
9231
7963
16579
2376
24825
312
10257
16024
16837
5471
17227
84
1777
3958
6671
23903
9621
14226
13751
22172
19620
13026
24317
23024
339
21865
19378
11584
13367
1244
22693
21521
12306
13317
13538
19470
345
15273
13237
10407
3118
3816
17193
25059
22946
15019
1936
19191
14498
15629
4311
14634
14095
25263
2075
7463
16895
24295
19315
20463
16949
25173
16468
21309
21827
13161
10860
9838
7189
8377
24019
13691
127
779
16711
8519
22209
21141
1271
10773
1181
13076
19544
4847
2912
4500
14646
4202
3846
304
18881
14866
12186
22577
16222
16318
13615
8756
11592
24040
16653
13961
16466
5362
6557
22596
9059
7947
9890
6443
6031
16079
19837
12465
7314
22114
6438
22465
1084
4440
25264
22325
23103
19284
2239
19566
25033
1573
1926
16027
13669
147
355
20771
2650
2032
7212
4496
11437
20182
24054
11732
16465
18380
2309
6160
3109
3082
18657
534
18631
21456
16462
8131
22708
1661
22840
7426
16585
7168
9908
23945
1707
16863
18957
13158
1921
24568
20635
1754
4273
18370
19107
1040
15928
22914
3964
7317
2668
22900
13812
4321
14187
10407
18586
17930
1547
18964
22573
24110
20210
13537
11971
24088
365
13560
15268
9067
6671
20968
1972
24067
211
19631
8343
23062
18161
3055
18987
13909
160
16317
25140
513
908
2
8645
24462
4187
14915
23151
7164
24692
13893
593
9591
22709
17221
4959
20146
3048
23040
477
20069
5297
7096
25168
915
7860
2762
4921
8
5280
15661
17033
6025
12739
19008
14407
25030
23847
13510
3
12751
9761
2222
10298
4782
13579
12946
11196
1414
11086
3376
14880
1900
7001
13240
3951
4640
1529
5488
22154
7063
19329
24095
492
22283
21118
3348
13904
12728
1225
13083
13847
16601
19502
650
5015
13806
23948
9883
16587
4854
6987
8085
10886
4423
14916
14717
19713
12779
16527
22707
20276
13312
21312
21483
8199
20994
1491
13687
4818
21055
9199
5694
18551
4179
22049
23773
13288
11186
8358
4866
6658
13599
25121
4705
22389
8764
2341
16269
11094
13524
8171
1288
21795
3071
21281
4721
21221
8016
13594
7827
8384
1208
15
18759
16521
1583
1194
1043
9630
23406
6890
23981
22408
16229
87
22669
895
1289
17783
23561
14925
7982
6738
23033
19644
3171
11407
22400
11156
12059
5251
276
5711
9925
7322
12977
19658
18650
7385
759
24771
19495
3891
20290
1364
23995
4414
21828
12042
24412
2077
19918
475
23909
12084
393
7368
21804
107
16593
66
19333
9242
4430
19486
19494
1523
16699
1162
8211
1678
9128
12139
22882
9505
1361
401
19288
24606
19381
14007
283
24337
6368
12723
4451
16125
18709
21752
2919
8946
20617
8758
20521
13791
23663
13728
23718
21002
20138
25181
13647
22410
6146
20556
14419
20329
4692
15633
20203
17211
15379
2287
15834
114
25147
24335
1167
22740
20796
20307
19330
828
8305
16065
13366
8093
19056
18982
20190
4142
25088
810
740
11257
7841
6621
25022
21459
7140
15688
18726
14631
5333
25242
8308
20211
9841
18016
19782
13221
18855
6916
18998
22357
3827
543
5657
4481
9542
15950
24089
5311
13569
10167
16524
4831
4149
8771
1981
9346
23521
15231
22073
378
19721
19380
15845
25054
21388
17137
9795
13265
636
16441
2949
16679
733
19095
15764
6291
19111
14353
1332
13529
18284
16554
13526
10543
13472
19187
8786
17225
9771
17231
13309
9649
15342
19590
23191
13659
19227
5045
4651
633
14584
13282
19563
24391
7595
131
9375
3106
11145
17776
16511
1248
20030
10160
68
2085
15976
18716
920
97
3984
6200
18226
3658
19867
5595
22146
1336
13483
22067
14215
22252
25051
937
9828
13151
13723
18032
23148
2128
19094
7489
2056
21303
14774
4643
21114
3662
12235
3800
22048
10406
22970
5697
16694
2089
12305
5636
22474
1321
19775
588
20017
3328
2794
5191
210
24690
16081
2070
2957
16075
18689
16536
3388
3649
20515
9767
22735
15155
16487
25288
9826
15227
5671
6777
8867
21464
4207
21447
1889
10183
1686
13553
7254
14332
14570
12732
333
6553
23752
23777
18507
15050
25190
2978
18375
16028
22406
22242
17044
4
761
16763
7555
4951
2124
19453
13540
5283
2973
19007
23926
16702
9688
13403
14201
13147
25006
13235
13972
430
8808
9122
29
2151
22208
939
13758
2219
23479
257
12912
13792
1623
25163
16615
16331
7667
18610
15058
5689
5229
9002
967
24988
5680
18281
3164
21958
14803
2284
13850
15080
1430
15272
4089
10785
13560
25113
16010
17095
19649
16685
12939
965
16498
18
8373
20476
9778
19711
20021
16314
18782
23840
13954
22884
24900
4917
1444
18690
22318
3728
25184
6065
5727
14788
15329
4934
20292
24144
19306
22370
3443
25029
2233
24970
909
20496
13204
19768
4420
10198
11345
15279
19362
22183
6731
6501
24533
13903
13056
10023
19411
1054
21571
22120
1121
4120
13247
19163
2972
19225
22582
13643
6144
13664
14445
22874
9303
12129
25185
16675
24056
2781
24698
15977
16042
15305
3042
4930
7005
8068
4784
11435
11416
5636
13435
1138
910
1416
1927
6769
11643
3169
2360
16318
4754
19635
24351
16071
17720
1041
9327
1521
4405
13509
2990
22584
7055
23088
15872
23792
7741
14336
12226
13998
17980
7183
25157
11283
1744
19166
4467
5478
18359
21361
8082
13761
13333
12174
1270
14848
1552
8244
1219
757
16066
22047
21647
18962
82
20938
13836
13827
6551
270
24798
20527
20613
7413
16631
17344
6118
1721
1741
15645
6740
11913
9460
525
25037
16776
3986
9011
789
17120
4463
21445
19281
9972
15997
5367
10585
19643
16489
2292
14647
9641
19748
6072
22641
19025
19710
25120
13808
25270
19351
1689
15250
22489
21152
21154
25010
9251
4722
9203
2493
9776
3014
11379
10220
22565
1766
13170
24689
12457
12014
5467
16814
15257
12814
5160
2092
4716
4193
6744
15691
1974
21587
19601
14836
18140
962
2850
24990
17796
19116
13644
23146
25105
23557
24832
23133
19991
21509
3730
2785
1026
21552
912
4247
18249
14397
1834
21700
350
12127
15990
19911
536
24916
7231
2602
22482
997
13675
21605
2906
13199
4329
16340
64
6566
19360
5577
19835
991
19831
4320
17016
18406
21731
240
21662
20979
14563
4462
16325
9164
18418
10742
17850
19685
8987
18935
19352
20025
24152
13782
8732
23759
3828
20844
22109
15810
10578
3724
6462
25241
17216
24139
32
7739
899
4468
19310
6756
19551
10304
18967
13537
6726
11879
25193
22234
19564
1937
989
16197
1984
3704
2331
19027
2807
8374
15987
19642
17133
5544
5605
6160
20465
1702
6562
19376
1918
712
13741
3533
19945
22905
16728
8069
21879
2190
20929
12877
11335
20575
22320
811
365
5673
21124
24210
13065
3070
22303
3740
16586
22194
9968
20047
8997
19829
7932
796
19535
15501
715
22873
1593
25118
14221
21823
1038
521
22061
8906
16242
13415
13469
9889
17987
16635
11716
6513
22170
9169
1924
23343
18716
22101
12122
1637
900
8040
5492
9213
24878
24006
13084
10153
23076
4037
23732
16386
5475
16310
15502
22638
1993
22467
19012
13551
16736
19469
13859
5106
1211
20440
10392
8340
12990
20629
7817
23066
9872
18145
19843
11109
16880
23227
463
22377
20427
20724
1665
9943
3360
9230
1566
23917
12168
11414
1207
3239
19499
18287
24047
19076
6629
21402
13459
2406
1534
7022
19157
2931
7333
19385
15192
11481
18637
9498
4758
16696
8998
23940
69
23802
843
19340
9905
9915
16792
1817
5328
24028
8993
20090
793
11623
11909
766
16011
17010
9344
23447
19654
3858
11888
24911
4252
14558
16572
16719
1899
21719
25174
22245
6757
16650
16632
5926
6146
24993
15946
16329
13886
2098
25055
9713
2736
7795
14406
14739
3316
6714
9932
3897
569
5086
14784
14941
2083
12087
1705
18079
6656
1865
25122
15065
2895
16476
3677
14359
3557
25068
1393
7562
12039
5678
724
1246
25066
14606
15910
4760
19046
15721
23587
360
7387
9885
22555
21714
374
22728
9929
22156
11711
5613
21895
9253
6340
10015
25094
10547
1715
13616
25205
23152
12229
13625
14694
23179
9314
7587
22898
22148
8347
4172
4017
16154
5507
25229
22953
12209
13672
1078
14247
23042
22206
1826
15201
3336
8861
4124
10421
2662
11358
4600
1656
21529
22039
192
19240
22382
13886
20338
16583
2384
13490
17154
2331
16780
18989
2828
2204
19954
4789
13646
19330
2896
21373
19831
23054
11245
9786
17028
16529
9113
16573
766
13516
857
14175
13596
309
25243
17140
13090
22217
25251
16735
13835
977
15701
20124
24835
128
1383
19449
6315
19520
4502
9144
2945
23176
13072
9304
11826
2248
12902
2483
19033
42
18605
2362
5576
12682
19532
911
16317
7246
20563
14048
16444
19029
10967
13369
7417
25228
21353
813
6166
3810
15046
14189
1036
2844
1641
11159
22558
15973
11935
461
3383
4838
4418
17164
18151
13045
20237
17022
11858
21741
24710
22392
22259
528
5205
23582
1896
9834
15815
18285
6330
14583
2975
19234
11934
7052
4296
23017
16665
7442
23803
6624
17017
1516
11282
11350
7232
6143
1124
10309
1713
12237
12060
20209
25235
4751
21813
18464
7390
9882
16990
20
153
2584
19119
19591
15345
7078
540
4324
23116
16620
4159
4590
2538
19403
1922
9893
14009
19439
17152
4946
14743
19383
19283
13848
12112
16771
22921
23651
16581
16326
24122
9721
17165
3261
20993
18383
1347
2482
21492
22400
10927
18388
7139
18015
21499
4668
3060
16566
15978
9971
776
16515
25230
734
16747
22006
1096
1641
17441
13820
19106
9655
16535
10163
13013
4833
8029
1104
15261
16471
1417
1675
11346
16281
17235
13310
15619
17082
92
8101
2168
2996
21376
22435
4337
2027
15210
12082
2010
14470
15938
2829
13079
7913
19401
14366
999
15244
21791
1989
13820
22327
7491
12530
8229
20272
17086
11679
19716
14394
16810
6552
20328
16016
22582
22083
48
13476
23461
20853
1395
13451
7754
16689
824
11574
21841
22864
23496
13604
645
4512
4722
15241
14290
14087
676
13580
10112
2025
11634
9984
1149
23147
15435
9247
2686
4290
22822
23160
16722
7129
23583
1558
2334
5751
24130
19859
25225
906
9010
22990
10203
8344
9686
20361
12972
3949
18250
11441
3932
8321
14398
3878
5761
295
1752
24740
23983
18443
13318
2158
442
9941
22914
19131
19245
13094
19291
16951
12483
16798
949
10843
5065
18968
16553
18091
4950
13465
3767
956
23005
2373
13817
17866
19917
12066
17142
1291
19149
12274
3636
23086
154
8313
10129
13572
6571
1933
22166
24037
13676
23139
23530
22811
4319
2105
6926
8354
12155
19746
22303
19760
6375
25265
24212
1032
2065
1655
12502
21786
23065
16493
22957
908
23698
22506
9480
4029
20224
14421
15983
18377
23642
8591
1526
19134
415
22145
2307
2643
12013
16082
22402
21215
21399
14213
22454
22912
25212
14556
4516
24935
2149
1880
1377
4493
4894
3848
4772
9772
4611
23880
22631
23192
23364
14085
17548
16550
2465
17645
13783
19720
15885
18711
9215
3495
6817
417
3584
25279
13466
8112
15066
23242
16266
46
22672
21960
12509
14283
23111
20185
18672
9142
6673
22327
14642
1605
2252
24309
16641
6321
16111
11169
2264
18357
23908
22137
23900
23808
17075
15233
6201
13249
23508
7575
16955
4851
5386
6325
7243
12207
23449
640
13866
4465
16814
19846
13867
23380
21569
23344
14622
19069
22639
17098
7274
2795
12952
24254
23059
20609
22335
1512
14632
1487
23452
15726
272
8754
17163
23586
1886
23863
11890
23481
21172
13763
12064
13044
9259
9490
8007
20049
13738
6297
14127
19826
23957
23159
22421
19514
5598
9680
13314
900
20379
9246
19857
22164
6933
14246
6558
4955
13626
11636
1773
4520
22111
19511
2754
1006
14580
7842
3737
10494
22489
25146
14216
20016
13501
12458
20374
18385
13895
11447
16674
4958
12358
13556
6453
16922
9263
19252
1798
14483
2520
6444
18676
7960
9176
9656
20189
23950
21183
302
19946
3480
1888
2947
13019
2267
23862
23128
19194
18941
22132
13581
23665
728
11117
25136
23793
15991
18438
14023
8098
2853
6467
13686
2827
15934
9651
19263
21873
19508
12532
10290
5515
15859
14016
19260
13754
17148
10057
21976
21538
16089
16790
12001
17178
16502
18460
6113
4607
22141
13710
22815
9578
25070
1012
25112
1778
19891
1525
5975
16135
22345
24960
4209
11891
5661
9729
13557
19123
677
20292
19009
25129
28
1024
2079
9897
14658
1488
15259
2970
7319
16183
7089
637
10994
13496
5490
17241
6342
13776
524
15158
2310
13777
13707
6659
16163
22425
13482
24193
8255
21136
22585
16530
5035
11514
13498
8364
3866
5065
555
20238
24891
21874
18783
660
16029
22711
13660
9999
22231
25003
3117
19213
13959
18067
11778
21811
6613
1627
21393
8241
18333
19462
21489
23637
2806
19922
1397
9733
7060
4780
22127
19974
1542
16690
2609
5429
18129
14025
16577
4639
21906
19780
9671
14155
23074
23854
2354
9209
19342
18196
18288
18936
3148
19361
22126
21142
21015
7300
22282
15371
16598
12238
4651
20611
22442
9635
23
1135
6856
13215
16408
19324
22580
2616
19613
16891
4781
13457
19739
24035
7162
13690
17789
12084
14328
17362
7713
19210
19193
369
17180
20050
19301
22178
19641
9962
5693
25061
22697
1323
16513
798
21711
22099
7928
5592
13912
6326
10128
12674
4371
15970
10115
9677
16984
41
25024
24728
1443
13629
13109
13089
18082
19175
7007
22723
14206
12671
19335
16641
3451
3886
704
13575
9661
19002
13550
22863
11919
1363
16623
1266
9977
18290
22477
9879
5623
4961
2131
13199
21669
166
112
16011
6422
20908
18719
1971
21310
20599
22606
264
21864
14017
17205
9336
23588
5111
296
200
21819
22124
1851
6141
17338
3297
3039
1239
13194
3957
13299
7467
22593
2246
25045
1537
8003
143
11868
14102
11966
1176
1092
16680
25043
16294
24041
18561
13145
10194
1277
10033
14845
19728
15236
25220
380
7285
23559
8923
16158
18859
22157
6764
13162
18174
17394
13286
22927
15176
17679
13179
13749
16985
23972
6339
23131
18949
1862
6635
16833
14595
2096
19290
6067
5095
5648
6528
24317
11450
2243
18279
10419
1767
8181
23352
12135
7808
7941
9946
16850
19081
21803
8719
20612
7770
10109
21205
1602
24365
9884
6452
12504
2365
982
3553
19812
8850
22695
24272
10207
15666
13184
1174
19659
5581
299
2026
5785
13484
24222
18590
814
19740
13712
19354
11786
14006
7157
19426
16148
20187
21678
2857
18567
9206
6468
16742
19977
22602
10169
24225
13175
16563
7015
8190
519
16829
13479
17533
218
9797
9473
5356
12711
1234
86
19179
25184
3170
4879
22044
4335
14971
16645
17892
25058
22207
2903
7480
21379
13984
14899
11459
13626
22326
2084
7851
23187
409
253
4274
24996
25116
3093
1564
1639
17521
14225
6294
21213
16520
14263
1237
3895
25222
5317
13160
5632
2165
2664
18552
21866
22985
14443
5988
9296
20214
13631
16320
10269
13915
9697
13338
3899
22281
10867
9602
14671
21875
20106
24878
15028
16884
10010
115
8316
3770
9877
4739
23045
420
18247
19961
25011
1333
5226
15267
13819
13721
13239
19880
18298
12984
17642
510
10067
3993
16250
15339
23702
13254
17319
539
1020
21482
16784
7373
11248
16852
3027
22710
12296
23143
13799
13028
18718
15170
6567
22733
5771
22897
19364
10689
24987
25237
2240
1976
4683
11542
4762
19529
7589
18683
10527
19196
22611
4737
21253
19160
19514
19019
22545
1388
1075
20399
20435
20468
12171
16439
13405
9781
22450
2101
20940
578
13234
11082
23695
5620
18569
18215
25275
16856
22420
768
634
23039
1846
18491
14378
4131
12980
24049
1954
12222
205
16190
16420
18228
15256
5286
13402
2423
23388
9481
12036
18720
5889
12286
9953
17466
2974
8803
751
16552
16275
608
19279
19036
9354
3787
12983
19634
10240
22310
19396
6142
18979
10324
23160
15824
11382
2367
16818
97
6116
22195
217
23136
615
13104
20207
19271
13236
19531
13054
25109
4685
4573
13663
6902
16543
377
19379
5799
993
22069
6362
9513
19168
16098
439
9965
13695
12941
4743
25187
7872
11270
19489
299
22813
16434
502
20838
16449
5216
13055
7803
8090
19682
1212
1384
12959
22701
23206
40
25152
1660
9117
17495
16715
19737
16942
5644
19041
2086
10592
16793
11112
4461
20231
10086
19701
24121
12264
23931
2907
7372
23302
4712
11914
10092
3110
20912
18480
45
25109
22361
7878
19074
13735
16494
25271
19034
11439
9300
1351
8015
22116
3059
20229
22048
1072
13344
13823
10041
4770
20530
14770
1657
13215
14360
23736
12807
1216
1095
21283
1434
5790
25069
1912
5015
141
4783
25078
5688
23710
4956
15972
22240
24784
21764
20043
12236
16469
18702
22745
15045
6233
2420
12432
19272
23262
8247
12132
20324
16677
1813
14921
19686
23667
19505
1490
22042
1770
11657
20325
15994
22475
1066
23197
2322
1814
1017
7668
21453
5491
2960
5763
13272
9202
23140
14191
17544
13883
7986
11198
15214
12074
1354
22193
1538
224
14653
9801
18252
98
2087
24081
19414
877
15
22681
13936
300
21221
24910
1099
10819
25027
20195
15327
3021
6565
13214
8246
9652
13549
1239
16485
24352
700
9892
444
21801
13717
15935
16746
14697
20122
23224
21658
7580
4844
18057
2401
891
1997
7806
19851
22520
3051
18675
2620
13775
599
83
9761
11361
3050
19446
6726
4284
11264
16323
24322
1570
19129
2570
20980
18984
22535
13684
886
6592
1062
22544
7927
23547
5787
9724
11928
19325
19624
2266
10499
13330
15331
7837
8337
13687
1632
13702
21477
25033
21559
7233
12964
1892
16506
13991
18959
15135
9860
567
9326
13815
19135
23623
9846
13046
9726
14008
16484
2575
14870
4470
23757
11811
4396
714
22624
25065
13981
22272
20200
10546
19056
11897
20382
6123
24274
1180
25089
19719
13242
909
20452
19357
90
21794
16978
22215
20383
24223
9864
21451
24763
11042
981
317
13699
8314
22201
14690
12942
3163
879
22192
22337
23240
1214
16760
832
15392
7682
20087
7488
15173
5329
18149
1987
9900
18516
25232
4049
14986
9080
13601
13692
12075
24777
19846
18449
19140
1524
58
628
12943
4796
18073
5872
6194
15960
6149
13680
17788
16759
3844
13762
10040
12009
4801
804
3572
5350
15121
23520
19839
22247
8234
17440
17385
21544
5641
370
3271
2635
14673
14429
19779
16758
19356
2946
19757
11397
22176
25287
829
21333
22349
19050
24361
23063
9792
14913
613
12446
697
22307
14735
4746
25219
13985
1318
13685
24905
16691
1489
18394
4644
16639
2126
25148
19320
22248
21042
21461
24765
22043
21030
1672
20059
17945
19192
1019
24078
12090
20196
5722
88
19918
18110
6606
25071
177
6632
24248
11448
5987
17104
22056
10548
991
20633
3544
1701
24052
19230
723
19254
2206
9698
15818
9119
12987
22160
17009
19741
5316
17967
21202
3116
482
13602
1812
638
12662
550
18604
667
15982
16305
24294
590
16767
6435
19749
3357
10755
23017
586
20039
13042
19317
616
5968
15212
16591
7864
15423
8280
5954
22883
13337
19381
12875
23
631
13539
11162
1504
486
19650
9667
22316
20296
16400
13559
3583
21050
23132
20040
4419
600
6387
20112
2944
18981
2338
16504
20610
3501
2274
11315
17646
12180
9116
19155
16312
168
19497
12156
23910
21217
19412
2797
5531
4938
7627
11781
16659
24129
4778
6749
11001
4109
13670
1760
6524
16525
4310
19289
19750
20982
22444
786
22666
22584
19428
12519
6388
22076
8600
24013
24310
6454
19905
14190
22310
8324
22705
19770
18973
8889
557
500
5963
16419
22586
16890
14746
15422
21594
12690
25002
17293
11946
352
18307
14066
5679
21488
22091
13048
2908
21274
13073
9577
1768
20658
1447
4305
6198
22667
16445
6762
10456
15828
23966
22795
19604
18768
3181
18163
20341
15509
20114
894
16182
2208
13971
1600
827
14586
22994
23657
19332
9978
8094
9415
5770
3001
18461
21845
9975
25114
9193
22262
13703
24031
14199
17794
18960
11193
18341
1293
3455
271
19760
19745
20805
3919
18432
22198
1004
21616
105
22116
21885
8169
294
10489
13272
13847
18980
20478
7278
13774
4205
5004
7912
22480
4574
13408
9461
22347
13727
2351
23830
23317
7116
7442
21533
24390
9058
141
22695
13647
16263
523
19457
22738
24191
17321
5456
13715
14369
10169
14765
6486
15382
11883
17131
13500
19752
5527
18947
19694
2387
25135
2044
19238
22603
5309
1037
15696
11845
12115
789
10593
16652
7336
9378
18085
2811
16342
16452
20567
17007
1866
20226
20089
19464
3089
4742
22365
13015
13506
20567
3684
19203
16741
9890
1975
464
5611
8371
11813
19120
13671
13035
19815
2066
22849
19305
10519
17500
13790
21001
9761
21222
9051
20971
20442
11236
8965
1479
24236
15019
16718
5442
13096
22221
23835
5768
20410
2029
7684
21707
7400
16634
21724
1651
4072
5747
6811
4348
20557
746
19061
19528
2862
19427
18031
11974
9940
13711
3865
13406
16846
7356
762
1153
23182
15932
265
18459
7434
14242
17689
20899
14268
18781
12950
24813
8215
14993
11943
16748
12267
7766
15749
24940
19030
16475
13943
171
872
22215
16549
20626
18617
11802
12459
357
9019
24543
23810
22103
5675
23422
12160
22115
18318
25161
19295
5855
22544
3333
13488
1253
5938
12361
4050
4777
13821
11144
15775
3617
625
3814
21822
20184
975
9862
16609
15085
8235
18354
18958
1559
12434
22923
18950
13877
6466
5813
23567
9026
21442
18724
2371
23154
14759
33
6252
16519
17856
1769
22180
19686
11757
474
15439
7660
19814
726
15663
19105
7025
6569
113
14198
8322
6253
26
13112
20275
4862
23612
7738
22571
16887
19206
5495
23794
17237
13077
349
3982
595
4761
11223
21935
10003
14063
636
18999
10060
25162
17526
14797
351
13571
9115
20902
19948
22434
303
16210
5691
14474
22241
5560
18348
2776
22529
4936
2913
18416
12966
13976
19383
19226
22072
250
5494
3067
13143
1412
3942
6130
10495
1371
2924
6338
25141
4864
22112
10251
1146
5870
15973
21673
969
25096
16146
7810
22782
13667
21783
4848
13602
1665
17080
16557
23008
25283
25124
13745
13491
16086
20961
361
22903
4397
4393
19344
14530
19986
15122
19892
12205
22547
24388
13719
7689
1577
11318
18176
22810
20652
22974
19772
18202
3610
21747
711
24761
16856
17034
18682
19210
24194
14773
19128
631
18240
22728
10838
16787
849
16989
4659
729
10830
1998
13183
3611
14591
10070
17808
6533
7931
13779
23424
18846
22542
4745
1470
8089
395
5504
11782
1854
7120
18543
3124
22711
7728
1357
11714
8329
3226
16265
2617
19743
1558
21613
1141
19191
3558
15847
1507
505
19265
12170
22115
13033
11630
21572
19089
21688
12836
2150
20428
7408
16899
12172
14314
25151
18500
408
6581
7115
16196
1170
19483
1777
16812
23125
5456
22796
13203
22496
18286
16567
18539
1652
18527
6369
13150
12988
11722
14229
13303
18272
25097
6950
16706
57
22972
5142
18599
16729
25186
951
14188
5378
25092
16777
9774
19331
23327
19218
23230
17275
1203
4990
7566
7884
3018
17077
16327
19688
5683
22214
19525
3005
18666
6760
13826
384
17916
7363
2356
5548
18953
11873
10587
7692
15624
21277
17532
2081
23901
5391
21167
9200
25278
13176
23044
18616
9123
22168
14033
16323
20263
23645
2841
5057
13499
19255
19270
12484
3887
14120
18411
1206
7108
13102
4226
14154
23916
22579
121
17106
3084
9916
6364
22256
16630
3002
22779
20110
22212
23430
10232
13107
13099
2381
809
6518
21260
13059
11860
20484
1805
23993
13287
385
19015
3044
14996
1101
7439
22500
1001
1654
17434
20512
22169
1949
16204
24147
2350
4341
9566
11689
18244
5449
6377
19424
9855
17485
15500
6180
15980
14668
20412
496
8154
968
2402
9352
21519
19400
7
22121
11241
16922
5315
16230
4629
23562
11786
23577
16853
3538
745
10569
4395
459
4197
6607
18381
5676
22306
24
22692
11357
13795
1204
20020
19130
22417
21120
3853
1923
24876
22643
16523
16600
6718
9527
9074
24816
12980
13075
11100
17728
11907
15703
10405
23164
19214
19312
135
4788
14219
18641
9957
730
9978
19628
2419
179
8363
4062
16740
22105
18953
3320
10140
15723
23857
22372
4203
13606
20096
24781
22096
6020
24589
9222
288
16495
13160
16795
17393
1288
19742
25285
1812
10157
16595
20881
18733
16116
21503
690
21266
16889
14113
16171
648
14285
16692
23156
16213
21116
348
16662
8130
7716
14431
16796
16239
15962
286
16496
19228
22537
14158
4826
2106
4615
1305
1789
6935
18872
4215
6229
22819
32
2567
24208
13518
23875
5450
2068
19197
23247
19494
13811
7797
23888
10875
20945
22809
703
16134
1518
22923
9329
18700
6693
8259
7795
17327
927
1539
19487
8011
13708
6899
19434
17125
2760
23535
2761
7953
3474
14808
5631
7977
21984
16233
22474
24191
43
2849
5764
6663
977
20161
12948
17535
24994
18732
24126
8227
2842
22485
23045
15930
19316
11774
22732
21450
13226
16707
7383
1638
12444
9781
18595
3003
16156
16705
8857
20051
19751
3950
359
16721
19079
21008
10104
12996
21156
17218
22774
7790
5293
9837
17859
16780
7990
3835
11236
1359
12261
16865
18763
8253
1039
22182
7127
25091
9875
19432
12940
21518
14888
7154
16397
22446
3749
2197
15831
19828
10400
2065
24862
13471
11583
11208
10066
3476
1792
6247
13007
620
20176
14432
2169
14633
9427
13678
7581
14159
2771
7435
8312
4
16092
25107
25180
2942
14048
16224
2263
4433
13738
12044
13381
19714
9856
16735
24922
310
13935
15772
21255
13453
5509
13688
13677
25129
1781
2611
22803
485
290
16638
18926
364
22974
16626
659
4564
21889
165
1297
19132
8755
19297
13814
16874
4022
16817
2843
25154
22367
21497
23522
18063
1845
25201
13555
7921
13449
13574
9639
10282
25126
1247
23082
5521
14782
385
5271
16052
541
24997
1355
12973
6356
913
11151
13270
8371
24273
25182
20037
1286
1624
897
14772
25202
13502
6167
13660
12032
13870
16010
709
6440
7905
4875
15725
18920
22539
5428
17528
19156
8994
17292
13335
15224
13531
428
12976
727
10566
19468
5601
1759
3711
19388
19176
8079
148
13422
11106
902
17909
18403
3698
15061
23446
151
431
563
20270
13093
5223
21207
20467
11461
11054
25234
13630
21832
14532
6186
20758
25216
6500
3243
929
21973
193
5775
2807
11596
9873
18514
22920
9914
1342
673
20560
20651
5669
20570
18591
313
14170
13989
4876
20531
25227
2130
11428
14140
18209
22052
19109
21853
22655
140
16225
2628
7286
16668
2152
19600
1920
23067
22088
23026
18513
371
24125
19028
7569
4107
19645
14978
9650
101
15836
13705
1242
2180
4717
10525
1916
6575
6498
11171
23113
3722
20905
22342
16146
13339
20632
20188
604
19011
22828
20627
19952
6040
18560
1847
15090
4752
9554
2442
627
546
13207
23765
13697
19174
19190
14438
2030
294
25150
14343
21363
18262
6447
4851
19250
18974
21730
6032
14490
653
10817
985
12223
13106
19640
18645
24516
20136
18045
8238
22081
15124
576
13558
16590
418
23849
13590
12026
13467
11978
19072
18065
1755
7073
14240
20814
19871
10791
13522
23725
15483
9951
21989
23918
9455
18537
1241
16252
8105
2110
22074
2976
24244
14792
14577
4061
8122
17530
13205
17620
20180
19855
19328
6027
13290
8810
19751
19223
20430
10284
5438
21159
19393
18712
4085
25200
11268
16545
4151
4325
7376
10958
15263
16054
14576
19793
9706
18600
13227
19580
23180
23134
852
24931
15765
19460
21712
8207
10827
17822
22375
8338
13781
22929
16023
23975
736
4428
22395
13378
20434
2350
8341
12221
627
17371
9648
6633
23418
12954
21257
22432
16697
18142
21444
25214
22415
1309
9596
8160
1129
20199
14430
8332
6154
3979
16714
24929
4117
3619
16220
9670
2787
9647
15274
14957
19164
10896
4952
22958
15174
13938
8486
10438
25161
13774
7669
13858
6156
5502
18684
23954
22632
8327
19338
13662
10947
25073
9777
19200
23306
13600
9549
2386
23873
16824
13223
22205
10030
19426
10432
19770
12372
19736
22825
19337
483
22479
20109
9333
23162
19701
16836
6153
16164
10382
16426
19968
11430
20218
5080
21357
23899
13635
893
17762
5473
22842
20054
1089
1226
15057
19131
9869
20178
4092
1816
21704
17389
11548
22608
10994
12476
8022
24470
15056
19849
1753
22294
11823
19506
2756
22216
11998
17040
11814
16602
1435
15147
9848
14592
9451
11150
5431
13428
5523
13043
13080
8273
5169
8243
25260
25176
22174
9716
1651
2495
9886
21390
16775
4648
20274
15185
22399
24270
8258
6771
139
19860
17993
14620
11984
2172
12910
12704
6320
13313
8375
23513
14938
24346
6913
14817
4231
22001
10350
20113
13879
12394
2603
1311
19319
4686
1783
12463
16398
19943
1317
7547
15430
6577
22556
6092
3313
8909
16166
6585
25046
23675
19115
8323
23697
11834
7748
14931
16080
6802
25178
14157
17053
1983
1272
17427
15629
21496
14056
22228
2672
2377
24114
7561
2200
13517
10398
8018
24684
9847
24642
4840
6152
8184
8159
750
9822
4034
1396
5700
21724
22383
3743
13430
13150
11733
2008
24328
19915
14630
6458
18927
8326
12415
13988
12268
15984
5516
6888
5399
20202
19104
4119
182
2880
1868
13178
23169
7311
17860
20139
4047
5767
18048
1919
19309
5520
5567
1094
16710
741
22219
24057
19992
170
19059
14458
408
20523
16826
16491
19284
13944
4457
16885
5543
12072
25261
23580
6241
14005
22038
12002
20471
16034
23653
14117
11917
694
573
24003
8910
429
21289
13914
902
13832
4388
1299
18474
23554
24293
12425
16555
4388
10074
23519
2229
2488
13115
11702
19192
20232
2012
23509
16167
11393
7227
13739
13528
6147
7600
16194
11725
10018
2897
1486
9799
4535
16788
8318
16232
25096
19236
19516
738
603
12992
23546
2561
16282
12821
12700
2218
7953
13315
5546
16474
25106
22668
24441
11820
3486
25214
7010
934
2687
20031
21665
17822
18053
1863
24116
4852
1473
1548
21490
13582
2461
18456
20510
16970
542
3251
11070
13920
154
4415
4342
6272
18934
19265
14032
16664
20623
8161
8020
19291
1772
8269
2376
16612
15959
7567
9551
23183
5373
24119
794
8424
25262
8367
713
19172
7550
21634
20849
5630
21676
1914
13441
22848
24349
2953
20181
21708
16946
20208
7276
2093
14029
7325
23185
14103
12027
118
4495
23723
24080
9402
91
22875
23605
1399
16107
16573
13753
16646
15164
1698
2752
469
21480
460
5645
24873
7101
3998
18969
526
18932
18313
19755
1483
6087
5725
22640
18943
5358
16459
19154
4564
19466
191
3062
24548
13028
9561
20364
15804
11398
23852
13166
19244
11616
3833
23861
9156
16640
18684
4438
20949
9895
24815
8362
11290
1819
3615
1625
16582
20228
1491
3904
17363
16643
1746
13599
8320
24646
15979
13156
2353
16181
19574
18125
322
16085
19829
13681
762
25087
22640
9796
51
18794
13641
23771
2840
20904
763
2018
16723
19965
2216
16378
17625
23976
19212
1346
19923
6766
2853
21646
20683
23049
5078
18986
11386
340
15944
23170
16137
24942
22595
1164
13291
10299
16839
5246
9141
19020
22340
10545
21545
22058
14440
23971
13621
11818
19211
25276
17899
20508
67
13566
16998
6866
7296
18882
787
19100
20340
12414
21906
14172
22386
21157
22692
15324
5959
13822
19047
1550
24291
23001
14033
773
10549
17829
19470
4475
18898
4607
4271
15222
21962
16136
13708
15232
21893
2013
2691
13657
19680
2000
884
859
10000
3938
23690
8067
8236
2342
13997
661
9685
6270
19407
16401
798
13568
1608
13771
15678
1261
5385
20305
19550
7302
1784
13332
16051
16149
16039
22337
3981
8232
16510
16663
19530
4738
11499
22181
438
16424
13930
14692
3503
3735
39
1564
22483
7167
3523
15782
15165
19598
14878
16726
5784
13156
22798
22918
4314
998
25200
8911
20163
893
9268
8346
16596
4355
13798
102
11029
13849
20191
24811
19123
19927
950
17005
19156
14347
803
2826
16910
7174
20634
13668
19920
23474
5612
22398
16142
14144
19444
18504
16132
848
11164
2408
9537
16110
24389
11704
16555
1733
6689
13606
13322
14861
23604
22144
4748
7971
4540
1420
5401
24181
21800
13636
821
6616
10174
4177
21161
8225
22243
13474
2014
2234
19125
13218
22244
8265
10803
23796
18278
22135
10316
15017
24714
9525
16036
1582
9237
16616
21585
1574
1267
25074
719
4679
16904
23939
22104
13562
13091
422
1668
22391
21570
13545
12568
19823
9445
19018
23871
19466
15765
23246
14839
1803
5234
22967
20334
59
23949
6465
1873
5706
15072
5922
23280
1227
1187
18705
25086
1260
19489
10020
24748
18292
16316
1328
7686
19491
5634
34
6415
3017
20526
754
809
3445
5965
13025
18310
4904
21557
9594
147
10389
23165
11460
13845
25133
13448
22977
4759
8716
850
7155
3473
7211
9050
21843
876
13403
18888
6937
19165
17257
16211
2858
19054
22506
16027
16185
23743
7759
25286
16874
20555
19081
13757
1161
413
23953
17189
9524
2164
22349
533
4268
14552
13168
19313
1192
621
22353
21047
11141
1900
11062
6236
21618
16933
13805
8317
23336
6516
7038
117
19829
15511
11822
11922
3114
7520
4548
13374
17379
6037
24395
325
13325
3736
4048
14706
7727
18788
24938
11353
14660
11817
7713
10008
13857
5480
1938
13894
8172
6904
1626
3912
18505
11334
22786
22907
17263
9945
19594
25197
13604
23022
15141
1407
5281
6983
24233
1804
4334
11761
6660
4301
22437
19988
6741
25177
14207
21350
19126
15952
3074
12888
11934
21356
1156
9881
1934
22413
7466
20499
12951
6778
14713
22589
21887
4792
21443
3389
25038
6634
7315
17206
13802
1980
5653
7287
4533
25111
19044
10779
17852
16881
22300
9759
3598
8230
2386
22293
15955
21500
19718
6487
22213
924
19746
13612
18036
18037
24998
22487
16573
3969
851
6685
8086
1143
2716
15036
7591
6296
7650
1198
15059
19445
5663
16821
387
12516
1994
6965
7379
20101
4673
1368
22493
11880
2438
16743
10556
11173
20191
47
8873
13519
14798
665
8589
1150
489
14549
11628
19372
16568
1353
5200
22783
22671
16249
22728
8360
5466
13336
14040
5690
4242
12953
695
16143
22049
5757
1269
2847
22189
2475
21844
7180
2325
346
25238
7133
10411
18335
2852
1616
25155
5042
21985
3860
25085
25018
11841
19899
19801
984
20622
480
14627
10191
2379
22456
19524
24956
19928
13620
8205
19744
4347
18691
13482
22445
13464
23218
8917
13082
1794
13035
1106
13219
25027
14990
3119
2088
22136
5211
16345
17099
7839
542
11937
8070
10366
13028
16393
7402
17248
8310
15182
11997
2045
22294
728
5409
24082
16656
15992
10797
9003
25214
858
5305
6189
23816
987
20256
25057
23731
19365
12123
3054
22268
13278
22954
23072
12978
996
14662
25226
72
25077
18946
18005
6646
14
8330
2898
22969
1905
20230
12134
9364
16751
11362
2173
16218
12930
17079
18630
14135
4649
19171
1027
4680
21578
10815
22308
16859
918
14393
16800
21650
23005
19438
4980
24150
175
21137
20500
10185
16477
22653
20119
13639
23839
14014
7954
6397
18266
16245
1786
4987
21389
16769
19347
1908
2560
19171
15947
8197
5339
21894
11251
3569
7515
18913
19850
6643
19103
16044
2956
21378
23960
6042
19842
13578
23465
24387
16382
1978
18450
1962
14128
10846
1568
14477
22364
22455
914
22397
2038
6431
1213
12836
267
1815
22313
19626
10081
24875
2679
3193
9569
7006
6737
7413
6158
2293
25127
23150
3152
18169
18844
4835
4104
4521
394
12970
1423
17017
21573
19942
23037
4440
9027
9195
20001
9793
8974
1554
13892
21175
12991
1428
20127
2830
9682
3999
2958
11341
21539
23704
1037
7262
9465
14246
5971
16507
22061
13148
22207
16944
1911
1648
4423
14731
410
22273
16534
14837
22185
747
8814
16106
21317
1472
12470
19394
5586
16200
18315
14974
8228
13804
1059
15047
23925
17107
13489
5868
7230
9660
19425
4270
20502
21870
1664
16546
5127
13452
21696
9906
1631
184
2859
17357
622
9891
15593
8759
17213
17886
16452
17102
1775
10019
13785
21756
13564
25143
2782
14355
20004
23720
2278
308
6145
16417
10072
22961
21017
12706
4083
11378
1077
22945
4542
17540
3097
16823
21426
22537
13512
16023
22143
23956
23923
7147
14754
17074
4030
4718
24155
4442
23832
19067
25053
12988
1793
8209
4914
466
12527
25072
9470
6767
281
19480
20037
16150
25009
4343
12298
3571
12234
9414
9611
2228
9839
22591
13731
20029
12274
74
16667
4254
3102
7314
16396
3861
8129
10200
2217
15445
9058
9773
19970
2207
13702
375
11895
5338
9544
13511
14821
5102
7772
19504
11932
23708
19293
6724
19916
11864
16114
19527
6295
1541
10413
1956
22409
25072
19101
17083
15816
17073
16319
1068
19832
13257
15456
25101
561
6675
4755
3923
7574
22798
777
15632
18701
25233
11968
1408
16138
15806
23402
4454
22100
23945
12729
16020
13570
11204
23752
15020
8727
9942
14224
10372
7163
22704
25170
1484
1979
1723
13780
5916
1042
2227
15364
18251
2011
1467
21470
17807
8155
4610
16165
16920
22678
2872
12747
13468
36
19297
24363
932
10552
12029
17786
18274
188
22699
19999
1522
129
25207
21100
18025
13932
22379
20900
13256
1811
1245
16103
18157
21085
20070
755
1915
22615
22292
25188
7700
7471
9192
3502
5071
22129
3053
6919
354
1165
22726
16191
11083
11366
13624
1906
7275
9243
701
4229
23108
10908
19957
7967
1653
17166
5499
12252
17791
18992
2306
19038
22097
18266
564
1797
12265
19399
16594
931
16522
12979
3505
2319
19944
16533
2832
7963
25159
1745
21265
1268
24962
11174
11844
22270
19237
10280
16508
9448
16217
18668
19492
1785
19665
2062
12104
959
25277
16801
23291
356
3992
22902
25007
7607
22288
16671
467
16142
7594
18548
25173
9878
9746
9184
1506
5522
654
10058
1296
3554
14020
9657
11466
1909
7514
10276
6570
11786
4171
24492
17733
13584
4036
1178
19280
7556
23007
15820
4439
23692
13674
24284
8311
9718
18991
13786
16686
2337
10199
3066
22329
16890
24693
14922
19068
25289
11401
22826
13696
19424
24143
19652
21088
2791
16024
7448
833
21598
18242
4724
22358
22759
13311
13775
1855
19099
1021
12822
15297
1339
1182
24389
11823
19190
14408
6897
12421
19632
5765
7563
15965
18043
5252
12960
13120
17250
16037
2076
11300
11858
2380
14548
8865
19596
25131
23536
21473
1279
22872
24329
13926
1973
18134
5888
1498
2111
19021
5347
22501
13163
1996
1590
16952
427
16868
22636
9751
3493
23182
21106
13527
7043
21275
19518
16604
9444
19073
1429
14676
9732
16013
22852
22704
23360
10285
15945
14905
9876
10317
24188
21025
21502
19222
10811
24204
138
22151
2226
2983
18863
1842
2093
15249
1736
3381
85
289
19795
22062
21590
16746
5941
18627
18625
23552
1498
16516
1347
4323
2400
11644
452
5754
20014
23257
7821
19143
17025
10497
801
1578
12833
25013
24246
14275
22550
21837
1932
1459
18557
22812
22363
1086
22277
14126
19257
13577
6110
11120
152
694
6397
13206
14779
18908
494
18097
9098
22712
20781
5284
9910
24020
22674
75
16439
23462
22252
16561
831
820
6831
15160
4846
20913
10806
10937
2389
2798
473
19820
16847
24038
363
17029
6105
15162
23363
3608
6622
4024
4672
19010
4453
22009
892
15052
2277
18405
21911
20216
21734
23876
19409
11220
17547
20917
423
9432
21726
20154
21256
16193
23992
19711
378
13563
13952
8242
13507
5455
15221
22225
19452
22407
4786
12824
23145
13020
10528
22203
5542
6627
556
16019
24401
6858
21593
22278
13152
25093
18140
5752
10501
5652
11777
14609
23826
3270
15239
18938
23485
1670
5525
24227
6505
8858
8737
19790
18612
25282
19048
6174
22453
25063
22844
22396
13924
12065
1628
17197
18336
22546
10945
12201
10307
16315
16274
15649
11776
11181
17073
964
24180
1575
4239
1935
8106
9405
10119
15931
10296
14100
14091
1330
3285
11442
11143
16624
25189
3292
771
232
11792
18574
25142
6701
17695
2881
3452
2861
5668
9770
23386
9018
838
22698
6697
805
3272
14834
4456
24132
25165
8382
23828
16786
19636
18346
2580
8141
3166
8618
437
15128
12259
13704
16152
9743
11464
1553
306
2796
15969
7898
1493
25179
21401
15414
9840
22204
22077
19482
8065
1499
3463
22792
9467
13019
16157
13196
21495
21785
4465
16876
8054
23749
20173
1852
22063
16737
16448
868
20044
18232
13747
14888
14823
18332
19373
1179
23711
2347
4962
16552
11342
3959
19653
16056
22218
23209
8306
5498
9859
8031
22036
21957
16693
3231
16236
878
13445
24307
9739
16628
12343
13225
13277
17845
4855
23127
5794
601
4469
12955
5164
2846
1157
18692
4433
16481
23571
21434
16537
16687
5974
17939
14185
8136
15219
24327
2174
25035
19490
5687
23453
13111
13210
16727
19610
18938
24403
13521
21808
16358
22232
22079
13885
9722
4431
8013
973
11
16198
431
10588
2911
3034
23762
19585
570
13384
13914
4893
24265
21641
13740
25137
22139
150
6071
19967
10028
23714
6112
4394
10030
22296
13722
13186
5681
1910
9888
16787
11433
14035
18634
8359
16940
7685
9880
8368
19261
782
17092
16472
13525
24083
9730
21366
4460
19249
9956
13889
3458
15209
25171
24263
20970
25055
916
181
23574
21588
37
24055
983
6799
16898
16095
12520
6186
16078
19827
16031
11785
22833
1856
689
13547
19869
17373
1871
15585
9824
6963
13605
14038
16857
13022
14872
21185
25254
16332
22452
3114
7155
13268
25075
16830
9769
6601
4810
403
1818
22375
22609
21705
2938
14663
20449
5023
11962
12357
22320
10989
1312
15961
11945
10360
17994
4702
18520
2428
21304
721
22805
4832
22566
20287
6770
389
598
2991
8193
5789
11893
7153
20172
2153
18026
11391
23129
4652
16774
19382
11660
19833
16333
13743
7188
344
6956
13331
18334
1569
525
2348
9043
25134
462
1895
11748
2555
4651
6433
823
23694
11925
21404
17009
6053
16440
1310
2971
11449
16848
21182
16435
14552
14194
579
23599
14944
1810
10650
7926
17640
431
10140
19375
14914
14816
218
19603
20174
24926
7993
15542
22117
19184
21347
12204
23067
4979
22572
21704
11736
12355
1669
6549
13086
18948
8219
10099
21193
5740
12240
18544
581
6237
22685
22557
18961
13456
16150
4552
16322
19207
7303
6055
24353
25256
6918
25211
16840
6393
25040
25100
2054
16740
16578
18558
22390
396
21798
4589
25258
13665
22096
18239
16614
19467
17307
16724
11223
21619
23126
4925
19440
19209
17103
1018
6708
19088
946
16717
21565
22947
1496
20907
6630
22147
14948
2813
20670
1582
19277
16526
24499
25224
13198
15067
18721
19587
7526
22324
23657
23034
11595
25224
2163
19756
9137
12273
25182
411
24029
1571
925
318
21038
2594
20831
1747
4621
3121
24370
5512
15983
19662
19139
5844
16216
1033
368
7834
24271
7703
16997
3859
18041
21330
7819
8074
4316
1268
2209
19090
8147
4549
24894
19177
13021
5774
15580
788
19949
955
2696
24384
8069
282
3262
2487
14945
11097
22412
19873
23177
1475
8103
2375
20079
1940
8216
23985
22236
2783
4422
22351
14200
3475
21969
2344
4534
16309
23846
1592
25023
12018
19542
11866
18778
16076
4035
2014
12263
9663
15975
17784
24690
2531
23277
21274
4099
9787
25055
16752
14379
5616
5036
144
9835
16842
13534
8332
23969
23476
21104
12424
11620
16074
11443
13494
25167
5000
18536
24059
8182
435
7496
12467
19459
24076
19895
22919
16041
7130
14811
16450
17988
16422
4424
5508
2109
4064
13592
2295
22992
9172
13862
11912
3323
1907
24032
14654
19085
1533
24805
4654
5646
70
8095
19062
3156
19441
21713
16994
16262
11743
18562
11656
12098
11976
13128
16329
24681
17007
14052
23337
3795
16123
23560
775
11213
21871
15147
6729
1703
3496
13018
13308
22461
10117
19910
3489
3762
2339
20205
1439
3842
23585
594
13746
8728
22249
25250
2752
1125
4993
18780
13944
13074
10482
884
9694
6353
3926
23776
7918
2835
23035
1941
2345
9629
19222
22941
451
4293
22637
20075
1365
9734
18425
15853
16112
490
15157
8167
16334
534
13544
1215
594
19497
8228
16832
13618
12297
17737
2466
14815
20537
19436
353
5177
7067
15735
20088
16991
3195
1779
24774
21755
1274
5532
9919
9958
23490
775
22163
20084
8262
3623
3191
21507
16575
16564
25083
16539
1233
9662
10295
14192
716
13776
19241
22060
23421
2779
7493
706
23311
13463
2118
13831
1436
15069
23006
14651
21982
22944
1660
16437
11986
6107
17223
11319
19294
22196
