11777
10419
10797
19755
13082
634
19587
16600
9981
2754
12720
17138
183
13509
13484
22905
20170
322
1615
893
1009
19401
16572
21937
13273
4134
25037
22611
7302
281
24696
15935
1225
22395
23533
18213
13032
9248
14941
19770
9051
13468
8859
23622
1554
1714
9838
5795
1639
7565
16546
2025
6192
20420
25059
23230
14575
18978
24781
12972
22054
18138
1974
13697
4294
19155
3463
762
21895
19384
25115
7546
13662
13964
16678
13556
5339
13806
19179
13872
19435
21739
3566
2866
22145
22208
13650
7442
5379
864
22723
19718
13985
19750
16109
22058
22458
16488
22230
22649
132
885
8339
22281
13533
19108
12980
20198
3048
5380
20238
18376
629
210
11462
20048
2836
24325
1845
13221
19658
9872
10994
6568
10117
24768
3505
959
15694
16075
18521
19230
14098
7907
17642
17075
13456
22119
18700
23608
8364
13314
11145
19747
21846
7126
2755
8089
5673
25199
17991
20207
20393
25081
19850
2152
13481
17143
7014
5513
23568
1672
13725
18724
5626
25190
11356
20194
13551
454
16557
9807
14158
16077
5252
24182
7128
2383
6728
10822
8022
24364
153
384
7044
18762
9853
19024
9019
2911
19641
215
8310
19312
15820
13742
2483
606
13324
13402
20912
24051
8545
22823
4846
866
22170
13415
23005
19445
24190
23001
5529
7354
16589
9572
19857
6111
21393
10317
7828
17330
4979
3664
11642
5477
9834
8291
16328
22610
7973
2260
9781
6767
18672
557
3093
1868
8996
9676
3812
25065
13428
20603
1120
16761
4720
18473
16802
20580
25086
11610
13544
20182
21576
16505
18388
3296
13992
15980
10462
1516
24088
10524
25173
2785
15948
2841
49
3149
2832
23147
13780
19430
21588
726
20902
20081
3241
21796
9119
16862
17152
24760
4160
5972
14202
1207
377
4843
12176
22541
9859
917
16243
23362
8330
15187
16577
1324
23612
17366
14245
16931
15004
22896
3524
19943
20053
1154
10
13757
5495
25023
13179
1490
304
3174
3362
5080
11594
408
9695
25054
15118
3001
149
22971
19078
1811
6802
3893
13449
7848
16104
4035
23149
17660
16856
10407
899
425
22326
7387
16448
7173
3775
20138
19073
15647
22093
13672
1298
863
6893
2763
16147
41
13042
16740
17094
16466
3253
13453
16191
25159
24284
18091
20763
25161
23967
14286
23125
20396
2970
4771
9845
23638
306
498
13526
19325
22114
5628
8039
25072
3322
16003
14398
22354
13278
635
2071
13847
22708
19655
19280
1894
15484
4763
354
2073
2201
13103
21643
16
459
1292
2770
10299
9525
11913
16035
22528
19752
16617
22450
13668
442
9883
4523
11747
4474
1972
1541
11858
22811
2784
9677
8228
8977
18595
19005
22065
16994
25082
8314
22453
15238
25137
3431
2894
13230
1754
22094
15721
8719
1097
5074
19178
18932
16777
16850
24340
22803
15635
13811
787
6742
2400
8240
18287
16835
4683
19578
8248
485
16688
4461
8806
12504
733
23024
21277
18531
1062
9597
25210
189
9770
22249
22732
24733
8257
7110
7697
487
696
11277
5502
9661
127
13554
1482
13608
20985
19598
22891
115
9945
19526
19950
19549
1146
5426
16581
15708
8068
15135
10949
16493
21627
21510
24931
1888
6457
23703
10854
23062
8979
22415
2108
9764
1559
1933
16894
1321
2418
19209
15901
3753
8110
11150
25186
16167
25147
9154
865
1854
3657
16635
12748
13546
19460
1400
23160
20316
12226
6249
5464
16693
13621
18474
19779
16058
15939
5591
16609
361
24572
8618
19846
20896
19506
13108
23208
8844
22090
19055
1914
21427
11220
21024
4067
978
13340
3054
23173
19492
14558
19378
3119
3028
2402
22433
2634
12952
16060
19839
7735
7561
11823
16533
155
2435
14595
12940
23383
20018
16707
8255
22707
19463
11948
341
15974
20148
37
23723
962
4940
23780
25165
14661
17223
1143
9787
14112
25264
16874
481
8010
18604
14896
20595
19098
21458
15155
139
16502
596
14009
16100
24135
23546
4990
20218
392
16663
1674
18982
4232
12050
17805
2859
6467
6498
22255
18969
7356
22297
5925
5016
20054
16462
16508
519
1835
15769
9776
9200
22385
24468
4520
22124
9645
11953
9066
19087
15049
4712
10867
25261
18997
22007
19634
13740
13681
19129
25130
944
16718
25076
13148
22079
98
377
18625
14764
1584
23582
2094
593
803
2166
3589
461
6084
699
16730
21960
8140
19826
22106
9550
17622
20325
23280
260
5598
12526
22372
18317
194
22198
22712
2656
11331
17102
4670
625
3137
12508
10498
21207
7360
4193
3611
16039
14178
13517
14788
12912
5432
19112
20274
18207
1267
14345
19510
19525
16812
14552
22548
25127
13115
5286
11396
16417
22367
21550
14058
18972
3451
19361
22967
19759
10074
18959
13521
16786
21
314
22080
22703
22799
3018
16519
24148
13530
14905
431
8277
18166
11154
2457
19258
12040
6237
20407
18308
5102
12939
22672
23191
2350
1627
2066
20038
22122
16460
3555
1152
22246
939
19711
22903
22224
907
25057
22187
19296
19229
23886
2359
13573
10011
9142
2346
10786
13513
8792
9237
9183
25201
13560
586
22456
1260
25271
19241
19953
22706
12298
22538
21893
1214
22583
6364
21786
14330
4838
1477
22588
1878
19682
12264
11005
1608
25288
20632
19588
11637
9296
16885
16261
2143
4452
22410
1174
1443
20627
47
18636
18684
23025
9886
5872
13559
19141
11706
8354
13195
492
19244
22492
18927
19195
24829
1155
19103
2131
16090
16587
2118
19473
16302
18417
14850
16532
17067
988
23134
25135
20655
22941
6033
15214
10547
19870
23556
20953
13592
13472
17
46
3306
19287
24272
2845
13567
6156
13729
19165
23311
21221
1658
1985
19988
15503
14436
785
4542
13046
20255
25117
14744
10108
22543
14733
7111
13857
554
13600
403
25119
12713
23267
16982
2772
9453
22597
171
22404
22582
19471
21750
6374
9927
8236
13476
14191
24113
5135
15982
5641
790
584
17564
12497
4317
9736
16799
17861
2541
21666
19918
17879
10179
19427
16565
6537
14951
1190
15971
795
19498
19061
3948
15250
6503
7061
22792
16563
17282
9937
7603
1010
22254
13459
18755
13594
24427
4085
17939
24260
7879
5488
16515
4426
10585
309
494
1773
4752
6206
15532
21988
2433
36
112
7852
11468
17520
849
18977
24799
16315
15051
9777
24336
21704
13330
17031
12979
798
13820
21847
19342
21473
14696
18726
22904
21001
15071
9841
18066
7313
9205
551
13636
24342
501
12978
21333
14528
928
16735
15303
8368
17050
22988
22692
23133
20177
18946
22218
17786
467
16605
19586
16815
3638
8065
4169
12466
13615
1921
8009
13229
19223
18993
7375
1457
9003
10883
16524
6335
23977
10482
13663
19796
3344
13704
13937
16321
13079
24964
16937
20978
577
6177
13549
19938
19741
13221
9916
12467
1994
394
15206
9897
22042
12001
1871
16071
3978
14106
4393
21873
3180
1944
5696
11818
2730
7178
25052
16332
19377
34
15165
11290
2982
19316
473
10024
3912
11374
22542
18550
559
9515
22694
13869
19010
17849
16510
16473
19126
534
4350
12905
19516
1198
16544
10812
13062
22551
9954
7661
21055
5652
19381
17908
22231
21251
1466
19019
16665
22779
88
16504
12309
16273
379
3171
598
19288
16530
5767
2484
558
378
16721
2161
2612
14193
4006
21708
19626
16110
20200
22266
16641
24228
1803
18964
12027
10008
8114
1591
15432
1195
19631
23975
1744
25216
21399
8130
1540
1991
24013
13802
6143
1973
5
3496
12825
24037
2594
350
2760
24271
13888
20014
15127
6341
22194
15056
13212
217
16656
6019
2281
8326
12541
14224
13919
16082
4397
16632
22373
7349
23344
22113
20659
19738
653
20072
23657
6671
14861
4606
16593
856
13541
11
6295
1939
9081
19337
10590
5171
18279
16217
19696
8757
10792
20161
6962
22350
12168
15972
25223
14023
8378
1980
13624
17130
828
22637
11248
13731
13072
13160
8343
18951
4418
6590
388
23935
4338
