6719
58
13948
6713
3196
13372
10452
5206
4718
227
10446
18393
458
12848
920
8601
18207
4332
2344
10687
13926
5275
11897
7570
17825
1714
9691
6370
482
9309
9595
11904
18638
11201
3794
7569
14358
17147
7415
394
17367
7871
10801
4106
934
7109
16475
5225
6495
3135
15154
7071
14877
2934
8204
4697
2779
9555
2082
12829
8496
168
4728
14423
1703
1878
6050
5454
13438
1831
2366
17458
670
18321
1767
15689
15823
1430
7595
4028
5039
6121
9168
342
8232
7009
17442
16907
15804
15721
12441
15394
4899
18286
7807
6429
7134
4744
15693
13007
10351
16983
4156
1425
12063
16154
4430
506
7253
6671
10730
2893
17135
8326
4648
10861
11599
15870
3021
3335
4732
4451
14087
15586
6588
2046
1958
9465
8863
4169
2007
4112
5127
6534
8747
2105
7616
6895
1678
15731
17020
526
17744
5424
7849
7237
15622
2225
12536
590
2339
2681
3082
11662
4812
6190
4960
4688
6604
7876
15895
13210
17649
12492
13584
11940
6112
413
7385
16896
19103
15123
14556
2842
5010
1558
7583
17942
1479
9758
16177
12707
14352
8007
10821
12652
15203
606
12868
10587
2634
4357
9838
1028
110
10204
6136
12818
14740
2253
5413
13980
13296
12709
3243
17888
13957
4939
1835
3238
17394
15162
498
10231
3920
18497
2888
6963
12621
10485
2488
10178
8495
2661
1682
2595
2230
6396
2459
11396
10392
16437
6173
6897
1275
8327
14436
1967
4650
12350
17116
8315
292
17050
17058
3925
13236
4396
10768
7889
15867
15719
9809
3291
902
7601
4271
18421
9577
1980
11784
15183
4526
4557
15630
9114
4997
18945
5292
5545
6140
12030
7126
3971
7447
11120
796
1210
16819
11608
2537
9922
5458
7138
7376
964
12503
12648
545
287
16671
11107
2485
11663
14958
13961
5250
1864
16808
17386
16279
364
4795
5662
7905
7957
15514
17692
9036
8911
16114
12115
14095
6670
6898
4174
2368
17003
4779
18323
2579
5066
17058
18606
1053
17180
10942
1226
12782
15103
17237
14343
3435
5884
2584
16033
18957
6362
6468
1823
10409
1235
12131
18206
7006
11943
2220
18516
18636
13347
4243
15414
5665
2212
6131
2772
8248
920
16607
10392
11411
18001
1712
7152
9419
1895
16082
4383
11438
17864
18513
14918
16941
811
11194
4119
4580
8965
2354
7940
13359
16902
266
19013
2069
14857
15286
8506
7781
1356
16970
6787
4595
15832
8655
17287
8020
4544
2981
3313
13380
4706
535
16189
7791
906
4273
4327
14929
9336
9361
8027
7559
3938
3913
17942
10416
16921
8035
1095
10443
4280
17233
16035
2012
690
2434
15169
9727
1398
7562
8386
544
18641
17412
7190
5990
18203
13988
16532
16963
3907
4996
17056
3504
3089
6748
13261
1896
18864
11556
16832
6676
6888
17178
8738
4900
12738
13846
6078
4271
4611
14933
10306
16142
13520
18396
1082
5124
8440
4887
8064
8077
6285
6904
12126
6630
17004
11304
5316
16980
4270
12217
15581
1021
2388
14045
17158
17209
16543
15560
412
3956
6060
6153
8168
6474
20
18337
4553
5743
9631
15750
5673
972
9879
5046
3062
3304
2325
1488
367
3467
15670
8613
14935
14797
7036
6914
4329
2911
16795
16783
12908
16801
2421
18509
2899
17092
11723
7637
9507
9609
5265
14390
5641
2329
18665
15742
4774
7311
1688
14866
8445
17590
18615
16252
8000
19003
7806
2591
7050
440
2609
4840
1185
4480
7660
14505
4277
6377
7980
8143
3109
4440
8406
16749
9935
1437
12161
8276
14445
17513
12074
10844
4244
17508
1009
718
18272
6941
1453
8038
15240
15825
5231
4027
5678
5021
7011
7150
2903
4593
17269
6624
210
14773
15887
8070
13454
3099
618
11658
10101
15634
5129
15527
11208
14412
14325
12780
4018
17377
16153
3423
3298
7682
16449
10073
14802
6075
3585
1898
1862
16895
13227
7579
8682
5892
4686
7667
8848
5992
4493
17505
1673
4980
4666
7423
3152
8266
2084
2337
14953
5671
3337
7968
18584
5638
3528
6964
14429
4684
12178
6086
14077
17007
8202
2015
12695
2728
8811
678
17488
6982
11967
957
3690
14818
4744
16105
6343
14989
2914
1078
3148
1036
3022
15957
17166
2347
14735
22
1061
7331
15074
11123
3266
680
7690
9269
4341
6093
18727
17133
375
18722
3046
3867
1267
1916
3479
7701
17628
18056
2011
421
4286
14676
3095
15391
16461
14031
911
6408
18245
8508
14163
14147
17379
6619
15006
6439
14060
2340
3929
7450
15118
6682
1414
2470
10410
18482
128
9994
16361
4222
15666
12501
2107
8294
11027
2318
9364
4127
10028
7658
12496
123
3478
5313
16790
5075
10086
8129
13343
16593
18034
14658
17296
6252
8869
4190
15223
10396
6310
16278
16096
17000
777
6080
8273
15317
2416
12617
17314
14633
324
6695
3394
11313
5541
1492
5952
6870
17918
6889
2209
789
16602
6095
1316
1220
4674
4832
8492
1265
16293
7213
8860
10447
5660
13790
15705
13430
6950
2182
7994
16214
18030
9476
6298
1837
8328
8782
16927
16479
17088
5603
5009
14516
5193
4683
16300
4969
4180
12909
15062
6853
8102
12119
5391
10065
3939
4362
4309
2919
18462
5921
8004
3018
15436
6263
3370
2980
13309
3148
2596
2817
7318
16230
4413
18198
89
18097
5531
11360
7710
2447
3141
853
7425
6464
4091
7148
943
436
4246
16216
5710
2391
2020
8364
4117
16229
13242
8714
18919
14781
249
12354
11352
14085
9072
246
5423
452
6735
2054
4303
2250
9729
5116
17375
2107
5675
12091
8288
14902
114
11853
784
17695
10195
611
16837
12859
15094
8245
8565
2376
2423
3284
12901
3773
5367
38
8040
10996
6007
12373
17800
8092
9190
7336
4914
1655
6316
18318
3382
177
14219
8242
6856
334
15182
15539
11918
4620
10759
14734
8499
7744
18754
13155
4305
17413
7855
5222
2822
6707
5628
9587
7875
7771
775
8621
8158
7874
14952
8060
17705
15325
15092
5675
6917
17795
14889
8096
195
7921
2949
6326
16417
13544
856
1268
244
8172
949
16181
3945
1839
15775
15645
289
4950
18236
19175
15174
7653
2549
2778
11071
13722
8984
4590
7465
12222
4767
7847
15
1275
3937
2273
1309
10434
17852
1199
10800
14345
15530
4176
4136
17096
18674
7474
8592
6034
3270
4287
3267
5053
5967
7714
15407
6037
7262
3130
8522
7223
5550
4284
7419
13153
5218
15759
3935
2580
1422
8705
14599
7229
18395
6040
18093
4148
792
17402
13794
17200
7247
6083
2043
7916
13385
18936
6570
8506
5208
12258
10239
18248
16277
559
12022
11326
5607
1797
6863
18989
222
17012
15881
18190
2933
17996
15377
2975
3426
10675
17937
3264
17100
3331
16163
3851
4073
2048
3854
15156
7249
16428
15659
3430
15035
10380
11798
14628
12656
3955
10531
17743
1083
15236
18348
4417
5268
7351
16484
12946
3436
7621
6793
6380
7037
3618
4819
1063
12830
9093
2229
18699
14787
14333
18382
7
14864
4876
5389
14610
16086
14309
3347
13049
8304
3664
4408
1764
17143
2288
11843
4300
6141
10056
6130
17623
17163
11491
13418
17398
7722
2246
16350
1217
11074
2696
7270
3579
4422
3390
14991
1033
8046
8489
4986
7522
5646
16233
17807
17421
17040
3820
2331
17627
7985
7780
17944
2923
15505
9028
15568
7344
3104
10600
7026
14013
3498
14750
2493
14926
13516
10341
11810
3461
15364
5965
16853
11816
2246
11544
3236
18378
2504
5082
3766
4973
10637
2861
7494
18895
1209
12726
9487
18045
13493
15599
15087
585
8778
6847
14790
18277
17175
17502
17385
2872
13177
454
7345
16616
9075
843
5380
6793
7336
6615
8234
8819
16095
1720
1832
2442
2820
9681
18855
13947
4143
7090
1731
5350
9761
5346
6330
3230
16344
7370
18526
9485
3248
8722
7407
14807
7415
3137
11861
3263
3386
4605
15861
17875
3845
156
11026
8037
9419
14159
9668
8112
6785
689
5331
5371
17851
7254
13395
18094
13707
12589
17165
14005
396
16227
11368
9711
13971
17589
13772
10514
2128
2022
3204
271
18219
6655
17052
4241
15917
1722
17846
9697
1494
5191
8619
2297
10094
8354
3835
10535
3483
18055
8729
2348
18599
15797
662
12527
14994
16274
7260
8057
996
242
17202
17205
7694
13081
10795
8046
2456
8543
15333
343
289
10276
17254
12644
11150
3008
18931
2439
6435
6309
4055
5228
14850
5073
5227
17234
11010
16377
13751
15618
3997
17094
7433
139
12030
1676
12743
834
6451
4813
17812
4394
5674
4646
5148
18460
5167
10027
10487
172
854
4220
4907
808
11131
149
7809
344
8553
3821
4282
743
9957
17892
15215
14723
4708
16121
399
730
16192
10967
935
10935
16218
15617
3112
2267
173
11273
19101
6860
3551
11442
4572
3921
3967
14190
11708
17656
12054
5203
16125
16123
950
16918
12638
818
7778
513
8731
4751
6168
14311
16122
80
4333
13138
7784
11153
17947
12836
9259
18050
848
1090
17689
16569
3972
6290
9135
54
12393
10003
11293
3061
3906
12841
3352
5198
5641
18745
6068
4912
384
5248
5595
13789
17278
10709
14955
14684
13605
8539
15833
5224
12990
10116
4791
7890
11840
5312
6543
16936
14745
15347
14812
17378
11156
7540
14919
18428
3307
18543
6616
918
1807
17326
14073
3948
5642
18939
427
233
3848
10664
9428
7925
7681
18475
9728
12206
1372
6750
17798
8071
2026
2763
14905
560
387
4182
7505
11285
14767
8718
7167
10708
14273
1288
12196
15741
6738
12727
395
16234
4856
3924
18941
4376
1975
4037
2659
2415
14048
10876
7920
10278
17916
12508
17177
6803
10581
7144
8796
10317
10806
549
9333
19090
8465
5914
8485
14127
16369
12812
15686
7308
5115
10245
11679
613
7585
18709
1700
11424
2207
15745
11594
7945
14256
5010
4152
15699
160
1924
3836
3566
6063
6442
14833
7214
5154
251
18363
5204
16011
13626
5065
16339
17729
16972
1652
593
3060
18618
16877
5748
1914
684
12544
2475
7590
4747
12378
17368
4746
17268
8292
14016
7390
5589
2403
12489
750
3508
965
3661
899
18255
4358
1435
17541
6774
8408
13357
6684
7255
3724
5295
4096
14162
17093
8484
4629
11436
14285
4335
15214
17721
16551
14400
2341
16097
4005
8104
6461
422
16303
7767
12547
6073
9766
13618
14811
16158
7923
11582
3252
5327
4209
9498
15415
5601
15270
2262
8862
18735
3175
276
11088
7495
11838
5437
7695
4467
16926
10590
11621
3358
8657
5415
7240
6829
4150
4313
7812
3968
2414
15901
9421
6786
9945
14347
4696
3419
12039
18786
1516
932
9739
15905
11202
2296
9556
5460
5172
8636
9532
1375
4315
946
8212
5260
17633
16106
8612
5042
8134
3330
17949
2050
17604
9233
4720
12168
15664
3547
16107
6830
1977
5526
7972
4610
6456
6154
7434
5332
17278
11409
2124
10688
8053
3687
18213
11563
2926
17286
8770
12342
1917
11722
5656
7010
3306
17573
10035
5358
13894
17496
16882
8156
734
16296
12663
4207
1880
18199
17170
2505
748
17015
14292
3797
887
13522
13452
7586
14835
581
2491
1891
18725
17945
820
15580
6765
14629
5340
82
4582
17966
2954
16510
16183
14280
7513
6573
7366
2349
2705
17551
3075
14607
6511
8813
18253
6107
10045
5169
14507
16022
6333
6938
4452
7142
158
7621
7025
4412
15204
11539
8044
15368
17249
4356
14796
2937
16608
16558
1621
8029
14694
8170
13719
12204
2013
15629
6782
16238
12719
8171
9891
8587
10908
16221
15846
4523
12785
16859
6722
16345
13248
597
18932
4354
14449
15871
10055
18490
14614
3778
8665
5392
3969
10152
8229
16423
2175
7895
16785
13981
6915
1444
6977
1731
4259
2044
1796
2043
7028
14063
17681
4484
2132
17184
2435
15709
4615
6489
18612
4878
4652
17139
18282
3187
17322
16767
11408
16289
10460
7999
5552
15131
307
7365
11187
5084
1498
1915
4340
17746
3240
15367
18493
1399
2866
14124
18024
7092
12772
15656
423
4531
5133
584
1357
1769
913
15793
12135
3865
13266
594
15536
2387
6292
5439
4198
16772
12562
1450
468
7966
2706
1068
4932
241
457
5059
4319
12385
1301
4578
10963
7963
17407
14336
10074
18667
6181
1020
18346
2064
16747
5718
1101
3005
13889
10854
2932
2556
2959
17928
117
18014
5133
5090
11906
11397
16288
4145
8420
15988
17349
190
17179
348
15740
5410
9266
529
14197
1981
11014
13035
5883
12892
9722
15585
7298
14066
18572
1008
5027
15573
6496
14760
4069
8532
6605
11318
8068
16245
2249
11836
4489
846
3999
477
8247
17446
16467
8669
14475
18542
2441
1291
7550
4630
12794
3305
11869
6067
7892
4946
17054
1515
7261
2572
15627
11047
1892
2458
18487
4086
5999
2079
6135
224
9280
7683
4656
18981
3954
961
4918
1432
1741
1471
3302
2523
2206
5368
6478
11384
255
6178
13460
13861
14824
3598
8200
18424
14663
14522
4402
11048
2498
3981
11625
216
15937
16565
16282
3395
4461
17475
4293
5489
8061
4976
12840
14622
6906
8660
1628
16796
6855
3898
12658
4588
4116
6263
7200
3530
11741
7739
17529
1856
7456
4279
16653
13360
10342
3374
15649
5880
3522
5269
9125
3368
17293
11788
8625
3519
15245
6970
7894
4448
17974
14875
4231
1738
14498
16798
15416
10165
16442
1932
1716
447
16323
13234
7461
17426
12238
4066
615
956
7196
17730
12057
421
6501
15187
4462
6959
17644
15105
558
14954
8125
6145
1854
1333
15251
7563
2016
7143
1529
1991
5259
18123
332
18254
13993
18288
12801
6182
3365
1362
5181
3560
6691
4289
15803
4870
6896
13432
8280
3105
10349
1374
14020
13657
6981
1188
15901
15308
14995
4725
962
3260
14927
341
9733
3272
7804
11936
2155
10721
5983
2765
2426
18486
18577
1283
12834
3259
4536
17221
15085
3122
14949
3167
6305
12118
4581
3387
3293
2023
16208
6920
7300
7970
7155
8724
5000
7857
4501
14617
13021
13916
16867
4460
14018
13956
11624
4891
16595
668
977
2257
13305
754
10377
2894
4897
2915
16810
17043
3465
1478
2492
3278
6886
11637
15624
591
1405
2172
17381
13744
3502
7721
8281
10573
1696
7824
8359
16612
2806
16124
16359
6864
1040
1505
8297
16576
6460
15951
1993
4374
3941
1997
167
9275
12653
8715
5527
4665
2986
3479
7057
2951
3486
1710
9655
1781
11586
12154
9563
13587
6751
991
2789
18090
4699
11697
8598
15559
11876
10545
18795
7629
10164
19000
859
47
13907
3077
17597
3014
9422
4240
14635
17374
12701
6869
16317
11817
6794
11071
16080
18993
3319
2324
12912
19012
14618
7097
15327
3345
4427
1155
18600
8197
1360
3649
5542
7974
861
7560
15139
16084
15695
4820
18651
6885
15586
3809
17021
1350
12318
14245
10530
12314
14377
2307
6322
17574
10665
18562
4764
4363
4134
10167
780
18595
14772
8233
2313
18405
7205
8304
4864
18359
15302
17060
239
7832
6818
4678
14362
2181
11923
6954
4041
4307
12657
4844
16075
4733
3102
67
10862
1332
17778
4610
18171
16676
9073
17211
16213
2561
5650
9142
7073
15457
15195
350
8779
11197
3341
5898
217
14175
9939
7964
4734
953
16224
15769
4199
2213
2034
14757
17321
17984
2653
7488
3334
4126
10771
604
2073
8696
2320
14803
4970
8255
5428
10063
652
2547
4380
4810
17001
7840
418
8821
7122
17839
56
13952
6011
17023
15192
15278
8739
18379
17492
9648
7145
1863
1171
1723
4507
1343
7600
15794
18418
9808
11336
96
5907
699
14208
534
599
15687
7858
13480
4756
7093
1821
13525
1670
4798
15246
622
6246
6913
8063
16185
18669
3865
6632
11085
4498
17353
3942
10984
17642
2356
8523
450
14286
18999
8412
16478
6965
18224
11957
16116
7368
9249
3936
7168
13402
13018
14239
18263
7371
14226
2484
17630
17332
8243
7056
14711
8115
17366
15076
16908
14357
2274
8402
7177
17399
4057
17994
5597
2620
17860
2142
16871
4245
15012
855
16508
9187
8780
16534
13098
3523
2373
15485
4934
16331
74
5587
1014
8515
12116
4725
713
1379
876
2562
2270
6568
3795
9236
16134
16290
2832
8794
18278
8809
4450
5254
527
15148
2025
7862
6877
8418
732
8022
3803
7802
5440
7664
9962
2260
10401
16474
8542
15826
6943
16933
8748
10015
7694
2447
9889
7053
16083
8414
15352
13376
7091
2201
11072
3963
9797
15682
15948
11669
791
13589
16579
17134
12323
7903
18863
985
12672
8189
18764
6046
1493
16204
11503
9226
2575
2059
7524
7359
2825
1633
14487
17809
5529
14495
10534
5210
3493
4687
1499
4234
2461
18257
17900
6876
17688
8169
17192
14228
21
15205
2900
3001
2946
8415
12349
8514
7363
18664
310
1027
4529
7939
10417
3767
3517
7244
1721
4345
3084
4360
13650
11133
1332
18317
17745
2496
16060
17884
11761
9912
1046
11157
6160
4692
12562
14730
9940
2255
17218
900
19118
6675
5035
5060
3158
5177
3905
16786
18239
877
2412
6103
17718
8263
16120
10746
10279
5354
2140
8379
13950
8760
15877
6766
7235
1740
923
7264
2023
14633
17243
228
16367
12940
16828
952
15495
9979
9679
18332
15824
14520
8690
1019
133
14814
6651
16844
10905
4221
13898
10019
15921
5023
17813
16469
7284
14719
2655
10621
18054
6414
15036
11768
18998
18403
6024
4777
12230
126
5634
11354
4670
14910
16046
5571
2404
15421
16841
426
18369
11395
15072
10546
3442
14831
17609
15256
12825
15707
1017
7566
1798
13699
7015
16985
16460
15430
13367
16954
5981
2513
11454
14317
7759
8205
1305
6410
15890
7404
11020
10528
6763
17190
15827
18701
6909
17635
5390
7068
14070
2231
1287
16891
8435
8530
5687
14677
4314
677
10433
4087
18223
1150
8221
12344
1342
9909
7822
13185
7457
17982
4323
13443
736
3783
10679
520
4752
8504
536
4402
16239
10628
7418
1647
2153
10848
7207
1004
1948
6082
8620
7360
2050
4668
15398
7935
10471
6441
6674
15312
14746
7766
2917
8591
11782
7602
16196
6812
11102
11064
15878
11935
16517
18087
18484
3893
6450
16313
11612
15205
4535
10946
17022
15507
6600
6482
17304
7911
896
2720
16212
8316
6321
16409
5156
970
3106
14909
1776
11429
5467
6473
11735
6890
18780
8036
1867
15008
9270
11337
8015
16988
17199
17497
17964
9619
16048
9557
5339
18367
17910
2899
7325
380
17288
10316
16128
4623
16587
9294
8210
867
18427
14692
7471
14195
6389
7829
1076
5404
9519
7358
17837
9053
17905
11680
14691
10536
14337
4496
13900
11200
6099
13332
8626
2826
7470
515
1024
4275
4664
12205
8773
4130
17285
9604
17559
17219
14278
12741
18060
10592
14315
14967
6420
16342
4203
7414
1666
14488
14090
2554
14450
8867
7347
5485
14962
16962
9592
9313
4925
617
2353
16912
5402
15683
13106
725
5705
17076
4063
16457
13160
1117
569
681
18341
10097
4510
4831
17828
8132
11759
1175
15045
7854
1804
17332
10286
12517
2681
5746
1055
7042
16405
13923
7323
12918
14300
7233
17167
1833
18436
3059
962
1980
6143
3409
14724
12888
7797
16452
11892
16658
1674
3440
5701
7577
7321
3128
2599
17891
6364
3432
7446
18243
10200
2879
1015
2197
10399
15524
14464
1869
18535
18550
8368
3113
5710
1029
2132
8894
15565
9116
4382
13942
12120
10891
16111
7954
6802
15567
18471
16998
11903
7961
1012
17788
1312
18711
11305
1225
17277
15477
11754
5091
2542
8082
12792
17161
18930
7263
4983
1825
1464
3900
17556
15942
11743
11172
17016
2707
1254
7539
575
778
16735
10077
19007
2203
1441
16868
650
17351
11341
936
18779
13459
6912
7428
1042
3161
2638
1122
2634
6172
4768
76
18269
6726
12920
709
14639
9156
17754
3222
7000
18617
18374
9598
205
11166
7754
3171
12127
4076
10557
831
8706
8279
3170
7879
6265
3651
2305
11737
4123
17027
7528
3764
10976
10259
4981
16888
15164
9356
915
17067
1107
12359
14262
18014
3480
15279
18433
2734
3140
2254
8356
12429
2612
252
4445
15119
12308
6302
2159
12303
2234
692
18244
16231
5221
134
1497
18407
15718
4709
3833
18777
1845
1787
6967
9944
2365
2036
12355
17775
9205
16201
18021
12193
11016
739
7674
3993
9239
2652
5321
2767
3495
7467
13142
7551
1986
18389
17425
5026
2316
12092
18466
1384
1413
4437
5620
5902
16357
17072
7998
7191
6795
18997
12151
3123
253
1672
15247
2590
4685
7352
4359
6710
14806
18308
6247
14755
14366
7942
17203
8351
15004
138
14788
60
3019
17463
17850
18770
16043
7880
2382
15734
18193
7932
6076
18091
7845
1668
8241
6668
17201
5586
2009
8308
14127
2805
1228
7943
7687
17129
17599
524
7933
12334
13960
11730
7004
7971
6106
4583
11054
15906
6884
8003
17204
1165
4183
719
16863
4158
12302
12396
8766
12266
6157
1942
6211
4014
1826
15697
16532
16141
2901
18408
11661
9153
1555
6992
18597
183
340
16108
4202
17380
2314
18372
17197
8502
4485
18983
7200
213
18691
18441
8720
7523
5258
5223
7834
3376
18837
16101
6901
14530
8846
6630
1836
2130
16151
2515
17136
5109
9522
18238
8475
2076
9680
1290
16768
5449
14794
18734
16314
14630
692
17898
17365
4162
12065
16078
4843
1455
10521
12029
5399
17433
17999
11061
4016
17616
11522
13870
6737
10922
5383
14246
10070
17025
4238
4103
19006
18469
14640
17396
15724
16248
2085
18340
16322
17620
18306
7934
4342
8366
16434
1870
7756
4204
2774
6867
11457
18009
18703
8318
15027
11812
9654
4562
6727
1079
40
7361
13270
4682
5466
2508
9695
12579
3532
11989
2448
16477
9380
6110
14328
823
16464
14690
5355
5477
12685
1708
3234
18096
2633
18336
4253
3271
17711
153
3286
579
3277
5922
4475
5456
13189
13229
7582
12230
18458
17883
18423
7372
2411
2628
11821
15658
2291
18720
782
11364
2280
13298
1145
3989
13479
12446
15159
17972
5915
18354
3312
4132
12286
11731
1809
1928
2751
2557
12660
11977
5352
17921
456
395
10618
5278
18474
18390
8051
7319
14849
5617
6423
14338
18609
7574
14052
103
2150
728
2286
1016
4866
1698
15774
16285
11787
8615
7043
4478
5876
1943
2543
11742
4974
14395
18949
5447
7452
13512
18694
5336
6003
4961
705
576
2398
7296
6059
8927
7311
15828
18689
13678
969
12122
14521
18264
14656
10912
5176
4486
4743
4459
4081
8239
10345
990
7286
11902
10254
3977
10871
64
12615
8671
4691
9905
6723
881
1694
4617
8336
8010
8135
4949
14813
6138
12603
12526
7131
8826
10765
17476
3181
7275
16670
745
18053
12736
18111
17017
138
7992
3684
6329
7973
5043
17
3288
871
8528
4011
5315
7059
12388
9868
284
1808
7027
3444
2983
7381
358
8697
5217
98
2815
12745
7521
516
7278
8211
648
18260
3269
3464
17535
11404
18731
300
6844
6933
8432
4261
17865
2649
197
16954
14196
16458
18201
10851
4794
17673
800
16332
9404
17239
2534
1893
2133
8403
9319
3056
8050
8505
14184
14329
7984
6611
16255
9836
14099
3146
6623
8529
1100
6142
2583
219
4168
7648
2173
10999
12846
18663
2796
1957
11753
8009
1940
2182
7982
14809
18351
1089
15441
4233
12099
17935
4877
8111
5062
2642
4569
1658
6096
7012
6798
11809
4306
9513
6452
18806
3885
16182
16468
16800
11682
17338
7839
16555
7339
15924
6654
12606
878
5988
10858
2179
2750
865
756
2063
7259
13275
7787
1128
10310
8856
5693
2918
5079
17787
1149
17553
4814
15651
10988
1710
357
2670
243
18696
3587
7251
7831
3431
17222
18345
16939
6940
18654
6170
6405
3314
17146
6629
16914
8546
16757
11011
2921
16015
1955
8429
13079
358
4474
1562
1230
1146
10437
3017
17799
15979
967
8854
15792
1787
7798
7321
12516
391
10277
1480
15084
14492
8387
12327
17013
10516
7720
13461
5158
15519
8182
2281
9431
2052
3680
16805
12035
275
2330
7536
3090
12781
7103
8562
13921
5318
1293
8672
8099
17906
15442
14305
18230
14038
14614
11379
6481
16679
18173
8177
3318
5893
15095
3961
1530
6877
13553
15729
6417
8645
8701
15489
14403
4984
15898
8333
15213
7946
2156
2857
16041
4012
18695
637
2149
8074
5611
5310
11489
9581
8815
9490
8108
12423
14074
17042
7909
8054
17339
8559
8201
8372
4195
6953
4218
761
11996
14589
18179
12507
7578
17485
7405
2457
1800
7417
4267
15949
9433
770
14743
15497
42
16236
10182
1282
3237
6174
5931
18287
1105
9070
4020
2863
8076
17532
16087
981
7117
10646
6665
18270
10744
4350
8119
6814
13716
8314
298
4739
18329
17344
18309
4879
463
5271
14573
10024
6199
4483
11585
15176
3453
6975
6400
16051
1965
1483
10895
5609
18650
11701
1389
7087
6980
773
5817
2651
3633
5946
15314
7672
15002
13174
1216
7250
15029
8926
1311
7359
10391
4404
9990
235
8128
18729
143
7716
14752
1388
8123
18035
34
1318
16793
5812
2321
6827
2135
4797
9706
979
439
9744
15426
14712
14613
6843
12326
16858
4665
2033
3451
13183
3839
14892
4336
12397
8272
1663
16552
9509
18505
7936
7269
12104
17127
4295
4487
6532
14266
18360
12509
8691
14168
651
7543
3034
3228
3494
166
13652
4056
4637
5176
2141
12402
16942
17546
7761
5079
3127
3176
7245
4966
8391
18022
17789
4645
13471
4122
16493
16872
14978
3116
1830
7962
490
3330
16876
2367
3815
7391
16978
13545
3197
12316
6211
6380
11212
1456
4063
2443
11256
12299
12974
17758
13157
14635
14880
18079
4169
15716
2254
11889
18362
1073
17449
14782
4638
5862
2228
8574
17216
813
11631
3909
8707
6861
15572
2027
7581
7087
16770
8511
14188
4019
11633
12512
1292
9632
903
6851
8568
16222
3496
15714
12611
9906
17769
3892
12817
2120
15081
746
16180
5605
11056
17384
16505
10745
1145
2363
11964
14148
17796
2401
8726
9517
2227
874
1279
691
12771
10890
2446
16203
15802
3466
15104
17629
6116
2566
13964
8685
2927
2049
11868
821
16833
3838
5304
3860
11636
6225
2368
7131
3221
16235
15531
15385
19027
10099
3195
9874
724
6656
17197
8314
9231
16346
10103
14061
13094
17969
2666
14644
11083
13442
17160
6880
17454
7095
15981
5277
17126
12213
15789
269
759
335
13473
2643
12975
6458
2665
13012
2176
8104
17434
105
4644
18448
17478
5235
17761
1048
531
16981
13659
7837
15607
2210
1519
6088
1361
14966
5255
6767
2183
18852
17401
4641
15478
17090
15603
15179
18395
8048
16502
9623
7076
17759
4655
17989
15289
7332
3965
18953
1482
16873
16254
4511
6625
3805
16974
9850
2989
7212
3138
12285
5621
9545
4554
7830
16765
2551
9292
8047
15363
12113
4312
3868
10122
4609
169
7272
1861
598
8557
16209
1890
4213
17740
5252
8268
1978
13319
10482
9482
17637
18473
14426
1757
7479
8649
18390
12746
9478
9007
17085
4577
7316
1925
3066
1778
2486
1677
11648
4110
16012
6149
11188
2524
885
17447
17195
7274
14568
5215
7900
984
16745
4401
8369
9958
4738
4785
603
4908
17547
460
18063
5507
17941
6340
3085
12790
7506
14951
8603
6894
462
17041
5958
1545
5054
16979
15153
18089
8069
18086
2167
8196
16304
3967
15679
17334
10653
14501
17645
10008
539
10703
7222
18934
4191
2434
511
14934
9184
3828
3807
6999
14616
6706
5220
5037
1434
14657
15918
18391
6826
3000
1473
4093
5025
8344
1744
3875
8474
4958
7893
8839
4321
16511
2396
16146
3761
18071
550
2240
2984
14701
15551
9671
4481
5273
15268
3818
17832
7375
15701
18461
8732
2004
2540
4079
14756
7843
15950
6952
18622
16176
7680
18633
12042
6339
4538
5925
12993
9795
17250
6944
6882
3132
9932
8095
10796
17300
14477
16596
15193
6979
517
11142
2406
13511
17224
18731
7712
2204
2791
635
17993
12085
5520
6302
10113
2408
2247
1077
11437
1795
280
6345
2833
541
2326
7439
17337
18070
15500
2596
17023
1031
7052
6376
4822
4509
4997
14791
15226
6720
6325
1436
14780
6850
11440
16884
327
2060
6762
11726
2781
5077
2372
4608
14903
11351
16190
4153
18038
12677
15125
1448
1328
3791
15631
4095
11908
5925
726
15712
6841
16079
7140
8456
12400
9481
1920
5631
10810
4722
4266
14867
17102
17115
17700
1250
16162
829
6132
1945
16319
5289
11693
4517
10712
7394
3973
483
7920
17145
8473
279
16260
4367
18426
10748
2509
6393
3943
1685
17988
897
3623
15189
12553
2906
15549
18280
2481
3997
14785
5055
10290
11008
4366
16311
12499
7853
4051
15163
6797
18465
17792
2019
7657
753
4102
9515
16482
2471
4575
2166
16408
6815
12117
16368
14478
12293
2967
361
2502
18758
740
8002
11433
6640
1246
7783
1164
9341
13953
356
4345
1777
14846
10326
4006
12989
16967
12231
2532
3811
1098
18215
13908
18496
7297
2733
4219
3223
1889
1123
11497
18314
2010
11434
15528
17885
11562
18125
5325
7171
2303
17125
3781
3918
809
2741
16184
12906
6837
3980
3501
14242
9873
1136
510
10698
10916
6929
17236
9566
359
1988
4548
18221
13924
2869
349
398
1412
2190
11581
13672
211
5353
15681
13528
9158
18659
4612
2166
1892
868
2987
2676
16809
8687
5189
1695
5538
5683
5462
18033
10247
11678
12019
5926
1909
16054
6347
1638
7221
4188
15571
12686
17522
8804
3231
888
6562
8442
4344
16132
11286
12048
15760
1660
15780
4479
17877
8080
929
1386
11982
18559
12956
7729
13528
6298
13006
1717
8638
6958
11842
2686
3995
1059
17455
3235
6228
17554
6387
11414
1110
562
2821
4893
6571
15340
1949
15269
13349
11320
1314
3360
7176
6183
7737
14845
16570
2858
17114
5677
6679
16052
16257
8784
2186
17844
659
2233
14971
5288
15029
16028
4365
771
18528
4868
18639
7568
4815
17954
3202
17640
2357
12371
10932
13974
17509
16473
11099
9791
17619
3300
665
368
10023
12546
4723
17655
16550
17603
353
3469
15370
7199
7912
5882
10728
14142
7979
16446
1
1492
16996
3772
16831
4793
4330
18189
11076
8222
6732
2187
3950
7484
2428
14854
376
1096
6586
15319
14659
7764
18004
10542
5879
10797
18292
7414
1827
10673
8439
8237
14157
8028
17086
9385
7242
5396
12943
15032
4255
2618
4381
475
2089
6018
14914
6899
4381
1679
11262
4276
16135
2282
14470
14976
3421
17046
6466
296
5112
4292
2889
10130
18724
6531
8535
3871
723
9027
8425
10666
2092
3626
4993
5438
5724
2350
3289
10147
15396
18357
14418
6133
17427
6922
15896
2641
4549
6342
12129
15944
18411
2424
8806
13325
12549
9000
16191
4766
16355
15155
12711
5548
5131
7307
1956
5067
1966
3384
15100
1139
14737
11651
18944
1106
10309
8306
12218
1285
13175
2306
6577
14304
3285
7520
12881
12100
12765
7402
4369
13919
3268
2095
5657
4214
2961
10914
4409
16774
11942
14388
3785
17080
17298
2444
11548
6367
8355
6993
7883
1160
1365
467
11757
4101
5624
18432
15852
657
14721
3521
15356
951
4442
16438
14250
14841
14151
16952
5577
7468
14015
6137
5061
1802
1820
15402
4858
8849
13187
14301
3817
4942
15548
402
3399
2540
2113
17504
320
5478
15306
6516
13204
13253
15791
15111
12530
8507
2394
6840
7727
1903
11564
15418
1966
17938
8342
828
16161
4059
2005
12713
1013
503
8551
733
10188
12356
3801
14793
8764
14987
15381
7915
8698
8720
7227
6712
14863
15831
18013
4532
17315
16463
1341
8377
8742
3092
2623
1256
17059
18172
3091
14667
11055
12474
15858
2426
6988
15140
16263
8277
15959
7828
6091
1509
13048
10774
9530
5729
15490
17555
514
2587
16312
18295
11690
9029
8404
6127
1375
5034
7328
10369
862
1380
2118
1783
17382
18000
1214
9576
6220
2966
1713
14862
12623
17961
5240
633
1451
2268
2081
12317
7995
7001
15466
16525
15425
2202
8008
7424
500
11455
18002
4469
16542
5166
2928
6801
14764
5085
2180
548
1829
3963
6163
16943
12434
11205
774
4463
2389
16850
3405
2885
16365
11887
6542
16818
17121
17068
18246
4604
9352
3220
2100
7668
18529
15475
18607
6296
6272
8756
9826
9586
8421
218
9568
3864
7821
18671
10317
3542
695
18059
7868
5285
14653
7703
8195
3679
2850
13324
14996
14950
272
15894
464
9178
17578
18015
3576
7217
17752
6902
17429
3498
4316
4716
16538
12699
1006
13356
13320
1719
15295
8378
7435
2369
10162
3412
16812
87
2230
864
10332
1665
6788
893
6084
4833
9712
14394
10141
17582
4389
7926
921
5457
17701
940
12480
8978
2292
5569
18483
1753
12417
11355
14514
3976
6669
16147
1126
14907
8390
15144
10799
18941
6641
6245
16232
18472
15872
1737
5222
4398
5070
14869
17720
17333
17923
1240
17970
553
1364
3227
8743
15182
11287
9788
512
17565
1133
4602
8699
190
15587
4994
943
4809
15521
8269
16143
14982
16546
5405
8648
4458
6492
8547
2378
14741
18120
3887
8639
15805
10940
7174
724
7785
6546
3320
4675
894
626
8787
5119
16481
15738
14727
3813
10186
11786
5501
9562
3899
14939
2199
18652
4576
18646
8486
15225
4736
5173
15452
12472
7887
15485
14988
14293
10722
6936
11309
4530
75
14839
17561
1544
2892
7981
4227
15616
2673
15604
18555
6749
18863
3477
13408
9092
12977
409
2257
17431
10006
3966
1241
1707
522
6547
18092
10889
8105
9554
16400
11356
4624
7967
3391
13317
4633
18376
11579
461
3411
8317
15555
10082
10638
15680
250
1015
14265
2419
2957
16198
8584
1693
5239
16450
14749
15598
17452
3216
1787
17880
8491
15250
5038
15023
7881
11809
7500
3897
12563
1465
9447
11775
5211
2475
9565
623
14695
3012
18274
8006
2952
4392
15010
7295
14035
3830
600
3919
6126
11114
3888
4019
3838
17776
14126
7314
1683
5719
12514
14815
15112
6769
1212
3473
4167
17433
7613
15453
7788
3904
9997
930
15635
4385
3078
16074
4642
14298
5322
4550
2218
17031
15462
16220
8845
3224
4386
3336
17904
7846
5461
2360
4525
12963
1762
11310
17952
1000
4920
649
3045
4669
9318
2283
7374
10650
2960
12410
7510
2039
2563
19089
11777
1667
15633
170
2377
12451
2250
7384
7005
5092
7031
11645
16178
6608
3038
14643
8512
2565
11113
3841
8012
4431
3016
16104
17756
1852
4337
15335
4346
10608
15911
18990
15298
14504
2813
4614
2757
5658
14959
8310
3333
5600
16104
15324
3985
16206
12282
4587
5585
15736
13198
2334
4302
12148
2683
2454
8572
7976
16440
6925
6986
7572
16131
15739
8380
12625
13604
18275
1418
15821
7364
8176
8088
2103
10131
10700
8067
15513
17194
5036
144
3142
15202
8394
17912
16803
3863
17862
18791
17690
11774
14718
10794
1910
3291
1047
18355
7749
2574
1496
18291
3418
3796
11439
11618
14632
16019
13968
3556
729
17748
18726
4283
14904
3064
11423
14149
17074
14088
6757
3862
17506
15132
8614
3829
2813
17866
4003
8936
10219
2610
1963
16266
5192
2591
2224
347
2885
4142
1382
8052
7326
1302
112
14641
9345
2196
5960
15653
8847
5408
4266
2992
15838
5910
8089
17053
5030
1310
3428
7918
14999
2744
8254
1874
18020
1790
7913
4594
306
18016
8409
8752
6113
11845
10042
2466
4441
17188
11785
16026
13392
11358
17684
9881
14113
11340
12145
5022
14480
12031
1842
5707
14784
18510
9261
13176
6602
6527
8828
2322
16574
7411
3562
4872
18370
15806
18380
6443
7509
7289
14006
6169
8055
14637
6817
11859
14114
12801
4726
3823
14260
132
7888
2902
543
14625
17692
499
14687
1049
5388
18431
14386
16906
13078
3756
4372
14882
17273
18463
14259
3514
15008
14624
5403
8749
3842
5082
7064
5143
11350
15103
5720
16373
16016
5496
11992
14890
6768
5194
13541
16846
449
18267
445
2819
15281
3310
14819
1476
3784
8018
13694
6001
6816
15472
10767
16955
1852
14051
17097
8145
8667
5372
5570
18095
15567
9290
18935
1277
914
619
15494
3828
10139
6612
13917
6061
589
8472
3251
6931
18661
6285
8305
2979
4082
4220
248
521
16956
7947
7228
8286
8023
17217
18177
4505
10390
4135
13673
14444
3780
798
16069
2402
14134
17533
17323
2114
8801
15198
10232
18232
11154
15037
7594
11858
4131
14736
5099
4837
989
7790
17934
925
12
1961
10067
12424
15799
1489
4325
5359
6985
18498
18072
17024
17661
10975
1624
16349
4058
14943
9644
7329
13008
7677
12712
6935
14662
1971
8250
17120
2190
8812
2418
8410
5080
8397
17480
2847
15880
3914
124
15648
5592
52
8795
5290
18444
3948
18349
18710
10727
9440
6948
7044
4321
3324
12170
4904
16261
8540
16930
3188
8136
18531
8230
17853
5294
10298
8493
12466
8723
10962
1057
8309
18445
16115
12454
5588
7066
267
13332
1938
4225
13420
2510
8919
8180
8370
5256
6383
10633
2
9035
3974
12239
7267
11890
18122
7292
15808
18057
3908
8462
11805
12398
3861
2300
15244
7864
8798
3134
6479
12776
6836
1717
15533
17918
18675
14800
6745
17510
4750
2053
2352
4048
1692
17051
16360
3891
5300
4004
8518
8041
9547
16149
15876
1121
15576
13620
8632
5452
4214
10327
4331
6987
3776
1179
15038
9590
7149
12296
16157
12662
11302
13717
14709
16897
11699
18331
17169
354
6184
6742
8374
6254
8670
17346
12468
2881
9860
16775
5463
6983
17255
6957
17465
4698
1905
297
2940
17108
7997
6603
4880
1176
4172
16244
968
2607
10893
7139
6939
4556
5263
14559
57
9395
18982
6526
4443
9207
17634
15499
3143
17583
10697
15016
5890
17572
1057
8763
2018
9291
4482
715
15344
16835
7867
6680
1846
15137
18344
11401
6533
17225
16894
17397
3098
13381
2312
14091
4809
17328
15089
16777
6598
14432
14071
16911
11860
16072
2569
504
1742
6854
7984
4205
6689
3169
1950
8957
3816
7206
1284
3459
9725
6594
12756
18705
14601
18365
3189
15953
2782
2006
16545
18409
88
9713
822
10157
4600
5259
7121
14878
5667
16813
17860
1559
15582
2243
17819
17948
5903
18456
15264
13790
1131
8335
5351
14291
11466
2754
11955
17527
2626
17641
7544
18277
2648
13902
11819
7165
14380
8464
4334
1023
12341
7243
8183
4177
9981
6880
5598
1972
17154
1697
18690
6921
16526
5422
4816
7731
9925
13855
11634
8633
10085
16804
16784
18358
4166
6891
9363
955
15534
14879
7801
8480
12735
11945
15080
6878
18640
1554
12494
1528
18986
14750
9848
187
4727
2546
2351
4268
7713
4419
15584
6365
1921
17087
4465
7696
8087
8688
12107
5170
12555
7054
1510
15147
14578
6308
5731
17275
6538
9570
8319
2833
15167
10444
16536
6069
2113
8362
16263
18992
18268
17925
1557
3180
13003
2279
1786
92
13089
85
9661
17712
8521
17069
12732
316
8224
13330
954
2245
2080
7730
15093
16924
6092
7650
13163
7106
6996
6150
8122
8375
3010
12064
1507
8618
11951
3859
17804
1617
10479
433
16748
3557
2080
18552
14699
15779
15907
7908
404
13938
10354
7305
3244
6054
406
9360
3782
13588
5283
12770
14795
4715
8261
15259
15218
3924
8755
1349
7293
16957
901
2589
17196
15563
2792
8303
17793
448
7732
2590
17261
14603
4094
16378
34
5246
7565
1643
14527
18933
7313
5481
4551
10373
17169
14590
16199
5024
5493
8307
17071
1208
18657
751
10832
17981
8501
5004
9449
12014
17801
14738
4123
4834
14484
15404
14660
11425
14237
17719
14049
17958
14925
4776
14992
15728
495
12645
13937
19028
1512
16938
13272
12498
15535
7878
2374
2542
6328
8331
5344
8608
8253
6499
2951
3882
2276
17675
3226
17153
5267
438
4120
1747
10761
1051
12363
18854
18582
10731
16316
1022
2837
10934
2579
5342
18773
8149
4860
7856
12283
16073
1005
14445
14717
6372
4603
5414
17187
18585
4432
13895
4584
18956
17075
3537
5202
2657
596
16026
11315
4024
14816
17571
3876
14804
2687
14138
2506
7851
3467
2008
15145
1822
14595
7988
14474
2926
386
18067
8758
17122
8267
11046
18991
18648
5412
5173
6235
16779
17198
2559
7800
18437
18335
8681
13333
18580
10383
14435
14086
3769
4490
5205
3544
4121
16152
18115
3882
7013
16995
14271
2338
12694
8376
2713
4800
3829
14598
2726
2359
14860
5348
6799
3880
1899
7515
12748
15011
13677
16990
13362
12635
932
4053
2973
16480
125
5347
15058
10178
12037
1462
9124
6327
9379
1195
7959
3191
741
10126
6058
6134
16600
4391
5335
2690
14294
6111
4278
3490
15713
2358
4673
4473
1064
18399
875
15455
1219
3417
14923
8113
1992
11693
12797
2611
2453
1307
7816
16839
5941
7042
7799
6622
4952
891
6705
1481
3079
8448
7826
10807
3692
12158
6392
5904
502
10537
4558
4022
14707
16275
8216
16592
5188
8595
12313
2171
5905
5525
4539
2678
10583
17130
3052
9959
6804
11121
15031
18414
11677
3804
15253
4643
14438
663
1428
6043
6791
711
308
2438
10770
9805
2521
6085
15420
5433
8844
155
17823
4848
18046
18514
3912
77
2968
12925
17987
16681
4841
1227
13119
6968
12681
8617
10355
15480
5501
1551
12406
9768
8384
16994
8186
4563
4137
15266
1841
10450
8106
685
7287
8295
6
5440
18443
17728
6913
14672
4503
15700
4291
3372
15919
4052
11089
8498
4865
18658
14355
17247
11428
6209
1143
18713
10808
418
7421
10769
15238
18430
16829
7686
14984
1223
15257
15127
5459
18181
14937
2410
5014
7662
14275
7380
17271
17624
288
13501
3569
17980
17295
8428
16100
17341
7569
17922
14267
17428
1477
18566
7258
10923
7378
10877
12863
12068
577
8789
3953
10762
411
10977
16503
7277
939
19165
13070
11875
2625
9825
7226
18453
19100
12743
17207
1491
37
2717
18049
11007
9844
11640
16965
8712
18718
2079
7656
7398
1304
6126
15015
5281
2782
7949
8712
6070
4895
13269
7464
8531
16424
14136
11377
11944
11388
2890
5051
5613
3047
10804
435
11431
14272
4723
3485
15178
16077
8417
15403
6796
18448
400
15940
14808
15574
3540
4242
5226
4701
2907
1193
16308
17651
14792
976
1998
14594
11432
214
5309
6524
8711
14
8427
14319
5270
10333
3193
7455
16940
16766
8225
3951
797
17592
18452
907
18653
17381
8024
11744
8363
17625
1699
3118
1280
191
4705
8043
7608
5047
18064
4194
18378
6152
3964
4961
8026
13072
7340
8110
16762
16395
11041
4635
13578
7246
2640
15079
9434
18442
18047
6825
2548
5394
8419
476
6834
3187
18447
16268
16840
13674
5093
7928
12265
16910
6401
6881
5735
3011
15287
14391
4212
3497
15612
17698
5019
1324
1175
9147
10755
3259
12469
4636
8466
2128
11747
8544
17718
16030
13491
7146
9715
17959
850
12409
8193
15069
17171
16089
16922
2974
12159
16890
587
4574
6125
14821
10561
5018
18660
14681
3145
10039
4937
18124
9682
13196
6512
628
16170
1872
1447
11860
2897
4065
16485
653
5088
7498
6535
7312
10538
1983
15121
326
16166
5699
4201
10084
7133
5515
2235
3774
1750
8325
17091
17103
11204
4035
15807
17856
14439
13563
15897
7444
2328
14848
8033
9528
11765
17577
15888
17828
14698
2400
7265
10473
16827
14877
1189
3404
13101
4075
9971
17361
1859
18377
2129
12427
72
18082
12313
2601
4560
6454
5012
16917
2160
14029
5713
17815
6092
18089
17537
2478
10593
106
14820
12700
12720
5578
2644
16423
5078
10969
3786
9056
5887
15812
8431
7942
5532
3004
3048
17104
6293
5769
2301
6139
7185
1768
17790
15063
17882
1348
18153
4155
3303
9140
14931
14888
2333
13441
15883
16229
4506
1289
2420
5540
8519
9078
13391
13245
14597
1298
1620
18325
12227
937
15842
3567
7736
9946
3896
18771
4163
15853
11127
16976
2787
703
14832
2889
2835
18252
1979
7432
7848
7537
2335
15836
118
17521
474
4236
5425
4597
4324
4737
8194
4515
10892
3518
10368
16761
12883
4730
135
1756
2193
9331
4592
9393
6923
1245
1129
5144
12607
4885
4806
7333
8548
12835
3405
1681
5283
16092
16915
18069
16283
2848
326
11549
11013
109
12724
17531
8534
767
15280
15194
2588
10986
4200
7547
10692
5582
17484
9548
3049
15500
12816
551
8727
13379
12642
14769
7472
8552
2028
8001
14602
4062
17816
2939
12639
1636
12896
8343
6013
14405
6227
1246
10863
10355
4446
13151
7886
7440
3340
7271
7758
14322
2121
16758
5696
16145
17737
9669
6672
10459
6123
3538
14944
8207
10729
5842
4775
6266
171
115
12179
7290
2592
14651
1982
5105
2309
2047
15817
10407
9371
8179
15518
7030
8299
3600
5393
13506
6810
5279
4067
12246
18289
11941
4906
2056
17709
4992
18412
7355
9406
11950
14218
1054
15863
3960
3697
13133
14129
5889
658
4839
6519
10674
15326
3342
14997
4955
17997
6823
16226
10112
444
13481
2859
15646
18385
2451
15471
994
533
5906
15158
4125
6947
15258
5301
8788
8753
3742
8513
15316
1474
18100
11053
18459
16291
13905
2956
4849
17871
4074
1354
1376
9398
2994
17998
4387
6683
13096
3458
1743
755
2126
10522
4710
2000
7283
15698
151
17083
18292
14823
1782
8253
202
16948
1403
95
10940
17847
8046
6522
5155
14848
13965
2285
2541
5643
7178
19029
12566
11389
3852
7624
19004
2153
2837
240
19099
15941
1502
7156
3894
8013
12475
2517
6971
609
14768
131
1500
12650
3380
8390
12195
4521
8832
12321
19014
19097
8654
1062
1384
7399
15091
3074
1772
9240
16527
5187
5291
4151
14427
18491
3088
16752
6118
2232
11763
6271
1323
6956
1112
6681
15916
1951
10435
5465
15467
14895
9903
17539
13845
12281
4251
16797
7170
6846
6359
14174
2055
10689
434
428
314
4628
5237
7334
8066
1730
11952
11179
3765
1749
8708
3241
2558
15735
3445
18276
13095
15903
17909
5537
5731
18988
18054
16753
4850
10591
1163
12903
18352
3449
3073
9503
8890
18343
11162
405
3002
390
1198
13534
15857
7865
8073
7231
7354
16306
8500
1688
17598
129
12425
18028
10062
2912
8341
17131
16760
11766
17389
5044
6842
12616
764
16766
4999
3114
16269
10197
886
3339
841
6194
17014
16507
17363
11050
9878
10268
17077
16487
18018
13627
16418
4897
16307
7349
13066
1794
12953
17734
7869
2850
1514
15122
6966
18146
1393
2527
14229
7051
17869
16205
15433
4640
1184
15328
6875
4147
6795
14177
17245
18507
17563
2391
6483
5257
17422
18692
15733
12390
174
15342
10370
551
3777
6094
1234
12175
17678
7147
3902
10921
237
4254
18687
18304
13093
15138
17186
425
5048
10515
182
14828
10879
16888
10007
14945
3023
5123
53
15150
283
8651
15180
18023
3087
13955
15067
17405
2302
2624
17733
12674
5056
6585
12290
17081
15588
13879
13595
16627
4312
11012
916
14883
2699
10711
4524
18519
1265
4347
16982
13182
11407
17084
8805
18373
2002
16771
5212
8257
16059
8379
7281
17587
9531
4719
11174
7811
4789
13979
7987
5591
805
159
16129
17725
13390
17262
10915
2645
16826
16815
1331
13995
814
15068
2468
14957
2950
1401
8231
15231
3857
7193
6488
8209
7038
5308
2533
13682
7369
5106
4077
3177
4104
5969
16138
4064
4621
16549
2779
3201
10972
7927
819
7282
16210
16960
10852
3166
6667
8775
1780
17370
15476
14713
5357
4905
3554
2570
10465
6924
18588
2702
6807
13532
14596
8881
383
8725
2289
4717
640
10888
1879
6730
4741
3597
7075
6122
2000
8737
18084
1513
1749
5511
6151
5140
6273
17223
7055
8740
18361
5652
55
6584
8588
5599
16964
687
15910
7525
12142
6229
12428
4502
7317
8509
9769
175
17263
986
16070
16932
712
6660
18527
17957
1999
238
17355
10803
2578
1554
6563
16262
1894
13039
5102
13145
9777
8201
15078
16986
4857
11308
1739
14369
14214
18226
7496
17605
13969
18784
10990
7930
13158
15643
7689
1469
4998
14037
10654
1218
15153
15438
11719
3364
17227
6356
18604
14631
997
3944
5199
4867
14968
571
9852
8026
7718
10301
4749
3097
3429
7033
9673
13400
18524
10511
2615
13387
6883
7210
7899
15601
14733
1728
1162
12577
13026
15355
18563
11524
5041
17826
17214
1484
10337
16297
2284
9976
720
13966
8076
16195
10250
6386
453
10266
4776
16820
6074
2482
5356
10953
2137
7273
4084
19002
12431
2432
4975
7901
10334
7101
4990
13576
8733
11274
17779
5612
18950
10572
3009
18576
10909
7203
12669
6887
17777
7099
14339
6639
2102
14799
4599
17707
5272
6551
2715
806
7429
8058
489
11446
9721
16140
6167
2515
11635
7478
12125
7137
17652
11447
3926
15172
4390
2943
7153
2974
8962
18940
11718
17657
2663
6036
3622
7743
11535
11672
17159
13729
15181
5387
2431
18476
5950
4519
546
17713
8536
16544
11573
15048
16851
8025
15359
4823
1339
17813
8062
4256
17512
18644
9163
7397
793
16372
595
16855
3131
17791
14744
14534
10115
11398
15626
5753
552
415
13932
2266
12050
16920
8357
2088
10784
16330
12620
1968
4853
12240
8301
10171
5686
1690
1002
12678
5899
4929
16270
14876
4700
5302
16351
311
18118
11847
164
7786
11206
7330
15765
16658
3232
15663
1504
11954
8091
18715
12168
17010
18951
18985
18210
2818
11839
1951
12134
4421
8287
8240
18281
18621
7769
2067
14144
14046
8189
392
372
4318
4250
2830
17210
11226
18974
12811
8772
13808
3462
11184
8423
7794
17414
1178
8641
3873
8469
9830
10670
13069
2970
13930
15529
8438
6071
8227
5536
5445
783
3983
15885
14373
17593
12351
9330
5480
17450
2667
11069
15060
15133
15454
17283
8554
12278
4671
556
17213
14612
14359
6369
1201
18419
6566
373
6955
13888
10034
6645
16354
17872
8684
9525
4987
15909
14778
9284
2175
4773
10844
17868
578
772
9832
4681
16992
12463
10240
14702
1237
245
15748
16556
8073
11900
7396
18196
12627
10144
7993
7163
4682
4671
11991
5129
12046
3545
693
13883
1970
1649
14789
17448
14932
9372
3998
17821
4873
672
938
7715
1797
605
7776
8334
17726
302
1383
5108
14491
18857
8741
10906
3593
17878
18338
8943
7301
17561
1900
3984
8750
10136
16172
15562
4690
768
16746
4239
18157
4626
17975
17258
671
8510
3274
8097
74
3215
13386
11880
1947
8824
6831
18235
4223
11981
2099
7919
4247
11264
7182
17474
4930
4179
6657
2208
2841
4
10388
1895
8065
9988
1108
15846
17118
19001
162
15879
7393
16444
329
8716
2238
4869
8785
7107
19011
17432
7003
3910
10011
9819
11862
2564
2417
10787
2555
10651
6038
2149
11974
16751
11687
8666
10414
6973
8777
8823
6848
906
2948
8649
8851
5337
4836
12798
14817
11870
3179
9720
6438
7796
5232
8554
7084
15692
14186
15229
14648
1779
1758
8078
2122
16582
14222
3100
18994
4288
17369
4979
6053
11130
8490
17920
9931
13329
17679
12190
2146
8405
16453
17305
14891
5909
10257
26
13514
16750
16515
2342
1137
8192
17212
7189
9921
73
1882
7039
18631
7209
8070
11654
1252
8258
5234
4492
1937
7424
8081
17874
2065
8765
7089
4352
13321
15059
1954
5491
8729
12086
14786
3681
14580
1001
5808
1626
8768
3837
7294
17040
13038
18670
13644
15481
208
5677
14928
1866
13933
12718
5546
9453
8807
15413
17917
4215
13982
4541
6561
17318
352
4731
10635
5121
18954
8320
5296
13161
7482
18546
17228
18943
15411
1552
2304
1085
7990
17782
8634
17226
17829
12664
895
7673
2996
18081
7070
1315
2430
17359
8126
17117
2137
3802
4911
15171
5960
3
10575
10150
1630
10843
140
13345
8361
1885
17453
5944
12744
5562
16759
14834
18169
5361
17387
7201
3932
2136
1893
18656
17995
4060
4466
8383
6475
1846
11136
4963
564
14844
8094
198
4173
3870
7197
8694
11956
5615
1791
15830
8419
18520
18717
12717
933
18417
9397
3553
14822
15249
2042
7444
15819
7302
18608
11039
17584
17035
15677
17558
9841
16589
17867
17038
16945
9175
17259
7177
6582
13615
8571
8640
17395
5443
18108
17774
1727
15406
2828
3962
18025
505
17181
9746
4497
10576
6832
17481
2149
7337
4343
7647
14970
9924
6077
5043
6761
4237
2936
304
17622
2740
2093
19
13915
18422
17570
2780
17371
945
12130
16782
4400
12486
17224
17419
1410
14798
18413
16451
948
10295
17438
7931
15389
19
8235
14178
741
3172
14466
6375
18591
277
3851
5581
11578
1538
18313
6353
12803
4527
3314
2571
12534
2070
3915
5593
5017
4375
18197
6109
91
8524
18853
8330
18623
5473
7718
17164
17671
19104
11949
11230
747
3628
10362
4694
4184
14688
7303
7808
4544
1939
14225
12143
2188
1187
231
5615
14826
18684
14081
8270
13265
2851
16787
18019
4141
4232
115
4457
3345
8059
9831
8562
4661
12876
3156
4562
18455
7252
16836
466
18870
13931
8441
12051
19114
1387
4141
15596
7204
3513
5406
16264
3928
429
9772
4941
1508
7619
16909
10223
14915
10619
2479
5114
14201
15538
3294
16242
15168
3605
16454
3058
12827
16173
17206
6783
3273
13010
2870
17128
13457
4613
18479
7315
5418
18222
11417
1996
879
17601
4308
2116
328
2519
91
17240
16284
15869
11403
1923
485
18322
3930
16959
7615
15487
8446
1169
9335
18499
15161
3003
3770
6960
2112
6097
6609
2379
10840
15146
1180
6223
3491
851
4513
1170
2539
2460
17514
10340
11592
2856
16148
551
1911
8494
5800
15820
18320
9467
14240
1159
554
4989
17140
17008
15301
18947
7040
10344
7016
2161
18602
14537
5639
18799
7132
2742
16931
11932
1524
5120
10213
15221
6161
7239
4140
7385
9317
407
3255
16027
16673
6002
12209
3150
222
18042
17764
8103
8573
2021
11554
2827
17403
5802
9425
3847
8394
5900
9569
3591
7669
706
15184
8721
5264
10265
15763
16893
17986
542
12813
11091
17148
15587
17808
446
14235
1803
16159
13976
15690
8220
2688
18227
7014
19008
995
16325
14829
15668
18106
6838
8835
19096
4159
5371
13220
6432
291
17936
18328
9651
12599
8214
4654
18307
8175
18026
3488
15284
14910
6974
1761
13761
16991
5219
8495
1086
4265
1174
17174
295
2756
12461
1789
7770
17507
8549
16807
7922
636
5417
5178
18138
12618
9066
4338
12525
4616
17840
3326
3139
11557
14940
16506
14849
3756
18112
18645
224
1853
12367
8199
1816
12807
13835
15578
13840
17818
16175
17879
15854
969
2242
8979
8016
3590
4820
13377
5134
9618
11033
17548
9136
4447
10788
7706
14043
281
13786
4230
8735
15227
5409
13967
441
4679
8730
17830
1115
14572
9533
14732
10845
12180
11837
2447
6430
15117
8213
3332
17243
18231
14368
14973
17946
9392
13193
8256
15788
4919
17191
8322
9998
583
4508
1843
1801
15196
12291
406
860
3133
2383
1077
2511
5930
7098
17443
6734
7775
3987
2155
10544
6072
3153
7453
14155
11874
10033
14893
6448
9678
12820
13033
18184
9232
18541
18980
9424
11660
4189
8803
4655
14810
8668
130
12139
7639
16237
1546
2462
15508
7819
16869
16056
6780
10660
8206
7634
7748
3471
11620
15440
16118
2594
11948
1378
17967
2797
7820
4927
3808
17098
12394
16885
2697
5611
5878
16380
4217
931
8776
479
6148
7151
5604
4193
1990
14306
6548
17019
8579
2871
18668
12374
1881
13450
3771
15401
7676
8398
10493
3881
9585
3996
9278
17124
6313
1344
9426
12849
1645
9501
16186
1738
3806
2397
14861
7757
13936
17065
8251
14664
3798
13203
9567
6716
16903
9408
6835
5498
10567
15065
8093
16754
7211
10605
15933
16973
9260
14985
1168
2723
8312
6102
4528
10941
7173
4353
2650
13884
15957
9095
14666
16617
15602
15463
14224
8570
15206
7032
1774
6937
4570
1556
2244
9162
13
10177
7158
10255
8282
2205
1296
432
17991
12506
7017
8382
3799
3557
14424
3107
3489
2215
9393
3450
4639
6033
4386
3475
7459
8566
4836
1662
9156
7633
1353
3225
3990
15041
17515
4299
2701
13575
11983
17822
6128
2174
16256
4263
2605
18929
9297
4680
7584
4573
2635
5196
2693
194
5984
166
10720
8820
15201
7096
9441
18763
1224
17736
4555
17358
16009
8133
4032
17955
14211
5406
7257
837
4821
5261
7815
11396
6023
12730
5664
9030
3484
5996
742
11788
9553
2217
14057
16993
4045
4522
6550
2500
3119
15947
8734
717
2143
3022
17470
8385
4285
1759
2924
7129
8659
14370
10805
16456
5495
15210
15330
2745
14296
16531
4566
16063
8337
18110
15843
3030
5924
17335
4397
5241
7902
1261
14961
12844
2091
8695
6504
10510
7842
8190
1190
4978
3163
13820
9977
4436
917
781
1013
15239
1684
9842
2032
4502
100
10898
2295
9938
6994
6777
2158
14964
10449
1771
17626
2413
1066
15938
12146
1924
7060
16755
12696
8858
4561
4859
15368
5885
14106
3280
12256
3110
14264
8476
18485
5397
2883
10782
16348
6821
16301
8561
6872
6613
1468
14912
8381
1385
16265
14609
18311
16103
19093
14668
4290
4373
14308
186
6120
7037
9390
1460
18099
17977
6593
11707
10656
1553
11060
8238
8827
2433
15228
7989
18136
78
14843
14837
1490
345
8019
8624
5568
14205
14108
3979
14160
3422
12860
3959
15293
4047
7348
8818
14652
8298
8329
13455
757
7466
7938
8451
19010
4165
5072
3185
2409
18438
10998
4811
17345
8226
1485
14759
16050
15039
9845
16169
2810
6839
4170
9506
10145
2619
14729
15151
15003
17608
6422
3278
2714
16315
18229
3086
14766
2736
18477
17797
7029
18801
17591
12150
9090
566
14858
4833
8602
11652
4339
15996
13567
6115
7102
554
1641
1192
2725
1532
14231
13103
17658
3463
2846
7813
2908
4100
4632
286
15410
16966
16845
646
3832
7276
17585
12651
430
5564
5429
1865
4564
8313
2969
6224
17215
5784
11036
2315
11189
4301
14251
15725
18388
18637
10282
3788
14261
501
5007
6822
12926
16622
5810
2638
414
2087
412
4971
346
232
14028
5066
5290
14650
6052
6064
5
10247
3290
9996
8783
16951
6978
12304
15025
12828
17456
1689
13401
18467
2807
6662
12774
3858
17274
8577
17685
1249
2689
5886
4896
14993
5551
7724
13292
15816
14758
11435
18865
16021
1458
17141
16414
11410
5555
5433
3814
18558
419
12160
3518
17836
2950
6852
491
8700
727
17330
5117
4585
6236
2962
2293
8993
18425
5175
13279
655
16281
13934
18939
5023
17299
2299
16398
15818
1183
16318
18008
2730
10603
15875
1560
3353
7573
5524
12682
13090
3046
13047
570
18247
13912
2867
18752
17038
16366
12473
7996
4025
5502
10051
2773
762
2824
17123
11115
6650
9989
9370
16843
218
16381
6686
3927
4695
16439
5407
16018
18229
18915
2170
9068
8830
488
716
5052
8176
18043
5915
4211
16880
8454
3824
4008
481
2671
17039
14777
6592
12379
2119
18630
17424
7420
737
13022
10695
1243
4349
3413
3843
17430
16294
18353
13201
1521
7198
17477
16969
3219
6868
10707
1346
14956
4825
18305
16089
6117
7100
2157
309
9653
1003
7124
16340
12739
1804
16491
16811
563
2944
2198
12041
13856
1735
10196
18066
5087
15007
18984
3325
16071
301
6469
18515
7288
10594
17760
17376
9589
18032
12157
7733
16
379
7104
4185
12819
17360
16999
6739
17479
16333
10956
9966
914
11640
1167
7110
8504
11314
15173
8117
15128
6057
13060
9685
12456
13123
6607
1964
14489
561
12517
6066
16856
16823
4948
378
81
17294
3139
3299
8030
4326
6760
2978
7211
18626
1272
5888
1813
3211
2993
8631
1390
5961
8103
15715
13825
17848
10400
6714
12978
2586
13036
5979
6354
2495
4035
1866
293
616
6718
3779
14586
176
4817
18502
8555
10270
10837
7527
14490
18234
18625
15051
16127
15018
12796
7779
7937
196
2024
3819
8
17055
3071
225
5069
9308
3359
118
16160
3361
8463
18334
2520
8042
17282
18681
1371
1113
12132
5975
11924
1391
15493
11441
6678
7814
915
2216
16276
15579
7019
16335
15486
17176
7668
16136
7114
17902
12684
4139
9394
10324
1274
16353
9708
14341
1104
6079
833
18960
14115
4769
12093
5242
11307
6366
11176
1445
5384
18062
17363
8817
14704
270
15956
18370
2896
5299
7021
10815
14194
7773
2503
17749
557
493
6421
3323
7684
10760
11325
4634
5799
942
309
12637
9433
11391
8814
803
4098
2496
15296
5738
5284
52
7768
1352
3111
18400
5142
14921
19093
2169
2375
7215
6926
927
8407
6484
13593
18509
18397
9154
11776
13128
18948
7978
8289
3317
13795
1487
14627
3931
2075
7166
2037
12056
18412
8757
7503
17441
794
8642
16188
14256
1814
2200
18225
10718
6146
16006
16085
15212
14569
15376
16977
1760
17911
10667
15360
6691
8120
16901
45
17514
10361
2538
4802
17963
13310
4707
8635
18553
17193
4124
4293
4676
11739
11700
4598
10609
15190
8426
8629
2465
9916
4894
3207
7838
11644
1671
17660
1763
3037
15083
18359
4714
2248
2621
13118
1181
7218
11425
14513
7805
4297
7310
9775
15800
4275
6129
3560
1770
8124
8771
16329
17784
4567
2256
4504
2164
6100
3457
2810
492
18778
8709
10357
3285
16799
9949
15102
5349
7346
11093
5095
14738
6252
14604
3182
12047
5559
15856
6646
7735
11090
7125
6729
9069
11070
2014
12053
11043
776
6275
983
10285
3790
4968
14014
3836
2759
2208
12448
1989
16340
17723
8786
14117
17486
2185
9435
3922
16246
16776
7877
5375
2989
11734
11215
16008
7220
1242
5549
17742
14198
3904
17183
5877
17753
2884
4852
7477
17151
18294
15851
389
5016
6820
5376
8751
18635
631
7599
2165
15575
8744
10025
7765
11540
6404
17806
14827
4533
17408
15224
11478
5363
11105
385
18426
6962
1745
2669
4061
11646
999
7975
13264
1018
13243
6949
18760
3154
15491
7401
5891
4252
1255
15185
2945
15310
15459
4742
16240
10001
10184
4499
16497
18504
6773
749
17290
5444
8198
206
10398
14924
1511
9731
11176
9628
3420
3118
10087
8260
4071
7362
11963
13041
5695
6089
8249
5386
16984
4880
10883
7486
11201
17172
1669
3159
18017
8906
2627
3925
1426
10419
13302
8705
909
7179
14842
3988
1132
17672
8461
18315
6055
17648
3281
17939
4778
8792
6627
4534
18366
17393
18371
12916
3757
18134
15126
13638
6637
4695
18058
18180
16880
3853
1486
3604
7067
973
18271
6813
17025
8447
993
17329
12915
7803
8014
12789
15397
13824
5229
8302
15798
2192
11348
10128
7977
6391
3415
17530
1936
4555
17534
16466
10233
1518
12242
6736
51
17411
8109
15717
2168
290
912
6319
5420
13660
14972
16167
6109
2269
497
6725
4414
16000
8444
1828
6437
127
3194
15334
4264
7356
2530
13209
6911
16165
17241
18301
14395
580
15902
15420
4209
7058
10974
6879
10686
10225
15211
8597
9798
7192
7914
6211
3844
5218
2195
13325
1278
15382
7186
14623
18037
8516
14941
18316
10847
16117
8220
18642
4078
10219
10802
18958
2852
18335
12114
5539
15402
15243
519
8853
6644
18429
1543
13181
12457
6824
18959
12020
7111
5968
247
2930
2078
15915
8834
5945
15209
1826
3793
2762
17543
7507
154
17189
7085
2891
8393
12002
1775
5068
10134
17157
6197
5314
11399
16347
3791
547
921
4826
752
459
13891
16243
8427
4274
6991
13502
6105
966
12613
3472
7580
11420
8960
5881
12721
17142
1191
4579
17044
18730
3874
12414
9882
4097
16102
4038
2051
1725
7320
13799
6406
6417
10713
1457
4891
12596
2115
7965
17162
3295
9686
366
1119
5360
6849
1206
15751
7338
3165
15892
1805
3763
12399
4985
14111
16886
14499
7734
18101
17326
2875
8767
8487
4721
2058
8857
18527
9237
6690
12872
10300
5287
18350
14297
17018
16540
13110
17238
2808
8346
1274
16862
17717
18549
4945
8872
3
16056
17763
1788
8346
10185
14467
11792
3279
494
2035
17680
17125
16155
14671
4428
3581
7723
2630
4660
6146
1303
2613
15844
16804
3164
7534
7555
6990
7293
8178
17040
10217
11609
1706
13099
11443
3315
18937
8457
785
18748
15593
3448
4175
6833
1258
10288
17302
1433
6859
1373
4913
795
3174
10612
2878
184
8728
5297
5128
4704
4762
1116
1834
10058
16343
632
2214
2385
9915
10913
15749
8240
1472
17992
8155
16941
6195
7157
8352
7670
484
5908
11459
15272
9762
6621
16088
14230
9359
473
1883
11755
8564
8223
4540
8138
15589
381
3746
2525
4208
8321
14621
1130
4512
12177
8401
16081
14274
18212
17651
7230
14287
14947
17138
10864
5636
2071
2386
1687
2948
6189
8661
12073
8399
3895
7350
767
6617
10135
1429
2695
17246
9430
8966
1501
10880
4001
15365
18524
17802
3840
408
5680
2622
7241
7904
14506
15380
7469
4488
1194
5991
13814
3958
2393
890
14303
647
18077
8157
7885
16
17699
3301
14302
4995
10641
15943
15552
323
4787
17664
12586
7553
8411
16824
11914
1680
1035
17843
17739
12426
6100
1520
8452
1247
120
4283
15675
11740
4144
5610
844
17383
16975
10109
16937
5506
1308
13475
5648
4185
10418
2317
4034
1561
14342
15847
3775
4154
7955
18818
17030
3563
10253
2812
15070
2223
14836
2864
7692
18330
5306
15066
530
14733
15346
12244
14979
10064
2062
7774
3276
15300
16864
1906
17924
8829
10343
10694
17047
15836
8623
6728
2057
2471
9017
5472
9780
7740
2927
3923
6633
3767
11143
2604
2632
11619
3402
1908
14760
4186
8396
2877
6249
6159
16425
12822
13254
17154
5453
15555
17859
910
6209
17009
7697
8350
1675
7956
17528
7508
7373
1847
2935
6497
478
17639
3309
1124
4000
5866
4607
6388
4601
10010
3275
16987
15672
11
7122
6000
13083
4027
852
7322
8769
4765
18265
16989
5101
8039
15046
4514
3013
16949
863
14715
14916
6463
4982
10701
6028
2194
17048
6349
3682
12531
8137
6416
12332
15757
7232
18686
15810
6155
18666
8581
5179
1838
8533
12793
15197
16481
15807
2265
17347
4128
7870
11831
16611
16528
5889
3338
14661
5226
721
1973
15516
873
14990
14679
6905
18312
9911
4033
4782
16580
1215
14965
8799
14288
11947
13944
13023
11664
898
1531
15106
14570
7436
14615
15553
13327
14383
5669
16131
17814
10123
16334
8467
9280
10632
8583
14705
2502
16194
15219
14700
8541
7606
266
1306
14320
7810
10
17613
18404
5113
7591
8208
8468
17350
10933
3826
17482
5553
12033
13186
14232
16900
2606
18027
12716
4627
15082
4545
2794
6470
10662
15983
14884
870
6664
2394
13963
15125
11465
2074
17762
4178
15546
18677
1475
14748
508
5609
14881
17066
8032
6434
14217
4368
8296
2614
2077
2522
10174
14680
601
1408
14879
15387
5725
1141
17229
13056
16947
416
16500
15175
4226
14535
14980
7897
18347
10636
7135
2910
16486
16756
14600
4235
7458
15685
442
8005
29
18010
1849
18416
157
3481
7007
17280
12670
3142
12361
998
6162
10586
6087
8702
8453
2177
10358
5030
10424
2090
2793
16039
14771
9712
5533
19094
6908
3319
4355
1415
11082
14610
9460
7491
6166
13312
4083
6119
10040
1865
11519
4262
9789
8898
8347
13609
674
2123
7094
2472
1686
9514
14421
11126
3934
8538
15271
15004
4702
10301
1711
13354
2770
8403
8479
6673
18102
18103
16217
14874
6336
18143
17876
2576
18228
16476
10403
3768
6056
1858
17682
17390
16179
13634
4029
14917
7306
8011
7388
7462
992
4089
16228
2747
12678
10236
6558
9718
6564
14685
4068
5185
1288
16780
3136
3229
4762
422
5514
2127
5995
4393
9133
10226
234
14850
885
568
3035
7699
1958
4395
18440
4711
2786
6283
847
2645
3846
17933
17654
4224
6555
6697
1030
944
3310
3607
4304
17256
14344
2278
14975
18250
17848
18421
4054
10013
312
10016
14638
5073
16061
574
9963
8691
16202
15064
5503
2811
7065
6185
16150
2452
4406
7726
1264
6865
8072
7224
18598
15756
11631
17137
8455
9543
1281
2567
16047
18537
11888
14896
2829
12910
2361
5804
15801
351
3549
17735
5676
5524
15811
13406
6990
15532
1995
15720
6114
7195
9
9117
10809
4384
16879
1897
17257
8203
12574
836
18302
6759
12587
2995
7304
8285
14461
6378
18068
8338
1517
15772
10849
3487
5245
10499
18327
13914
6198
13882
11402
6757
749
12612
7567
18942
13945
11520
6858
2971
15961
7969
7072
274
3415
4377
2045
8262
17638
16187
2831
8567
9103
17316
14754
3822
1037
1724
15028
8246
6039
17404
4433
13592
17110
2139
8114
4921
15113
4468
18003
2371
15637
15469
15460
15864
14419
18364
163
7008
8367
13721
779
1962
10566
16024
13720
10495
8395
17231
11343
3879
6186
1705
1810
16477
7898
8217
8127
5451
16834
975
18766
7047
987
8300
18297
8443
6447
1125
185
9741
6358
18955
10992
11373
19087
12314
14253
3932
18525
10620
7777
16341
1723
14731
7426
14476
9130
7707
6514
872
17312
17781
9328
17985
3433
11393
4322
7230
1681
14465
9349
3416
10202
17773
14593
7078
10052
6025
16925
10095
5565
17683
15673
738
6051
7045
13263
1221
10038
6101
17132
13940
6903
11006
1010
12913
7392
18628
16816
4397
13291
11752
12165
16668
8580
3526
2995
8083
1248
6385
16271
12661
15373
8200
509
14981
3229
7268
7898
17750
16455
2191
8647
15409
11412
13868
6081
5499
12005
1976
6951
5118
7575
8556
15217
5146
7413
9574
3190
6715
2966
11306
16258
11250
10606
3970
1704
4763
18728
1533
10283
4861
15952
11580
17078
7693
18249
16137
6581
13031
8244
2531
4294
11195
17306
4473
15366
6808
6918
3036
15926
5484
19102
4979
3787
4196
17279
3096
8034
11405
5742
14774
17560
1887
14649
13958
10430
5556
16935
8079
5801
1755
1197
15053
14873
1733
8600
5473
12976
6026
14984
5080
13398
8017
523
1050
6725
6591
7747
6771
7537
12152
17983
6701
7219
7891
7861
1148
4734
13681
4754
8107
17842
374
2913
4361
6764
17783
10050
8703
7083
11929
15839
7175
13132
2922
1650
8858
11021
13893
14608
15662
15043
8291
8527
15859
6916
16547
17301
13683
15837
11040
7524
2501
16891
14901
480
1404
1244
4244
15638
495
14402
7924
18052
7234
36
2843
6658
1322
5397
1768
11711
17757
2163
15109
8323
4966
18449
11537
3039
4138
10455
294
17503
8713
11052
137
16928
5200
16017
2125
8704
6925
8719
12164
11574
3147
15925
13927
6569
4476
8437
18328
11909
14376
8219
5573
19005
6910
8348
8116
17006
4657
2768
4426
16174
15708
15282
14351
11173
14169
14455
3810
11930
6946
2904
15929
197
18547
8569
10053
3567
17603
15047
17990
5138
592
17519
15684
2882
8622
16961
17881
18938
8833
5020
10287
582
7953
17736
6845
15928
15813
4568
12007
11551
12956
11649
2251
16112
11946
192
15527
12229
12878
7538
13897
766
16241
5940
15237
7403
9032
17111
8286
10533
643
16711
14908
17870
16321
6786
16521
7285
18589
8550
14173
16406
12982
5583
16259
17064
12601
10462
2299
15152
18733
9950
12413
3877
12405
8358
18383
14751
7497
14648
4260
2737
4444
701
7835
13756
8021
4889
17015
11046
1495
17284
12207
11477
701
15710
4781
16431
7884
7236
1467
14683
857
17019
9898
9401
10822
3800
682
261
5247
1709
17002
4013
7120
8185
12869
15199
4092
14140
892
18333
10833
4625
15762
7545
17144
9606
6711
1337
15297
9961
3812
16512
4383
2336
5132
4516
7161
2494
18113
8643
17956
6187
11745
2152
14626
16338
2241
3007
14133
6800
17702
8774
7951
18085
17248
14405
1812
4771
11608
16854
11009
6685
2319
200
18742
18492
12753
2040
10564
1715
3575
17913
5434
17899
13470
4113
4854
16358
5426
4596
14847
2147
4418
15992
9716
5603
14078
16772
9813
10106
14654
2581
18107
5456
259
1052
6939
9391
16412
13725
10406
9863
4662
1640
7708
16830
7299
10683
16099
8689
7437
12415
1041
1011
5522
16519
6857
17109
2573
8868
12755
9058
6907
2066
2790
17469
16164
4415
17364
988
17082
7960
882
11400
1222
15088
393
16586
13939
8181
3308
1751
11106
14585
2236
15107
6286
17444
2392
12353
9221
13045
15022
13358
10964
11883
15864
8503
13928
6147
9702
10887
12275
10857
11295
11893
1922
8526
18523
4818
3982
2083
3975
14761
10997
6874
16934
18530
9880
804
107
7655
15321
8212
13298
5427
537
16490
12825
451
1118
11613
5681
7438
6507
1394
7386
586
3205
18522
7194
15932
14277
10828
16889
3184
3536
16370
17611
2272
17391
17070
17270
10044
16040
16968
884
14840
4902
7022
3911
3124
2429
6972
15358
1739
17233
11451
178
3303
15305
13285
4046
16133
2364
18114
5584
9929
16415
2221
10088
17683
11921
1789
15379
16878
5083
6005
11390
15704
2809
14670
8746
410
14479
15616
8463
7941
8365
2148
17971
1799
1204
8836
7389
4453
16778
6932
4249
9452
10093
1114
