15535
10912
15594
4336
4359
4121
1291
8403
8993
489
17987
5572
10266
14993
12680
8684
1921
10183
7905
6787
16280
14030
10018
18082
2233
7592
11218
6244
11587
2520
17186
17527
12092
4091
9712
10413
10221
9791
4610
814
1465
3805
10461
15772
16760
10612
11356
14720
2601
7013
2956
13348
7254
1826
9848
18333
17500
5914
3338
11270
7792
15515
14043
8120
2851
16134
6950
7107
5258
13069
4639
11326
15195
9540
11607
7767
8273
6109
15703
13513
11126
6880
11579
6890
5533
13078
17148
6443
18664
12717
8154
9704
16011
14936
5400
12676
768
11023
5012
8602
5624
3164
8134
2430
8214
18699
12715
930
2614
14696
5680
14632
10240
12420
2899
15574
18215
8501
6922
5146
1534
4698
9781
17022
11847
12915
9223
14023
303
13266
1845
18255
2779
17245
1066
15360
12537
12686
8244
10200
4578
8032
12023
5927
16408
15501
12824
783
7574
5812
1891
8448
2358
6839
11177
14298
11044
3982
1304
13099
7725
17548
9261
18757
8295
1442
17438
13732
8390
2188
7384
6691
17250
9809
9873
15831
7895
8349
5228
6392
11703
2715
18999
16147
1332
8911
8633
2927
4577
5546
15968
3177
3961
1795
16228
10595
394
15124
8070
10106
5923
3484
11402
8415
17308
15117
3071
6913
3431
10195
6137
5583
798
837
17998
18577
3803
12406
15032
10829
15957
2182
2279
13040
5723
3281
9589
1704
17426
13928
13189
16009
2292
10611
8046
384
718
5456
7656
17773
9525
6163
4504
18740
6690
10660
868
10651
7093
12745
15842
15410
10741
5108
5465
6503
16543
937
14761
18375
33
18351
1663
18512
2850
4993
9659
214
4854
11923
8332
9984
17004
7556
923
18035
2829
7503
11661
2469
10794
525
15945
2203
6782
4262
16271
8815
3282
3057
1917
10171
7662
8597
2945
4732
15922
2392
10480
6294
1500
7037
1406
8403
16171
12616
15082
4623
5242
996
15053
16999
6532
18489
15229
9309
7762
16933
4254
1620
5803
6842
5297
15598
1677
15808
16314
18179
9341
15587
7897
6991
2857
16196
2310
5239
11441
1040
2826
13835
11328
7252
11036
4131
2403
3973
10028
10687
15010
7359
4505
17627
7204
16845
4715
16306
4308
6646
7774
13118
14732
16254
9836
10226
5990
1832
1861
5545
11442
6639
12426
16300
4521
2841
3983
778
12283
767
8255
14252
10227
5960
2156
10215
2287
18327
15136
1051
12277
12828
1124
16757
14222
12165
10709
16800
17016
11621
15498
152
17054
5826
1322
6692
10740
8814
7845
16219
6370
11913
2987
2843
16842
14772
15499
10208
16030
18292
7903
4528
8307
12825
17709
17879
1195
10248
4360
8516
461
7726
11319
10182
7413
15161
37
6417
18246
8936
1149
7789
3065
3336
8616
6777
14518
5844
4646
17707
2023
17282
1198
18407
9715
5051
1234
3335
14267
6931
1904
680
14921
12370
200
3194
5493
11208
5
502
5313
17661
10186
8559
1494
17413
15904
4135
5587
5395
2646
3330
6018
8925
3888
14523
16611
12091
6224
2707
878
2666
10014
5645
16072
5447
12408
10941
4503
9570
6540
16968
911
2020
14214
7181
15291
15125
18085
8556
15367
17281
6706
15491
4977
18089
196
14142
6319
15805
14454
472
4173
8254
17847
18346
10924
2175
17949
11684
13218
3847
2889
9623
3315
4621
17972
12017
962
13577
1450
13710
1958
4997
6178
11184
7218
7879
13145
3830
2847
8905
14061
10430
1786
685
4837
7145
9784
6025
7877
15548
8340
277
11030
6460
15567
3310
14544
1314
1655
8348
15940
17255
15176
10710
4307
5121
9741
17354
16541
4795
1289
4741
4312
13532
6367
9932
12069
1892
18403
9617
16050
6570
18197
15159
774
5836
15618
2687
16301
4439
4579
5657
17062
11664
7642
5600
2591
4611
17418
11644
2979
4072
10254
4429
8276
18244
159
8445
8253
5353
8983
12096
8432
2658
14144
11432
4413
17425
18335
18451
15251
17678
3663
8646
3317
12059
7926
11284
18417
4415
4300
11910
3470
17080
8314
5283
18124
7389
11672
8752
2615
3105
10909
9551
7539
2106
4681
16176
4832
149
11874
7731
6199
3139
8811
5540
3150
5207
4212
17391
5654
11391
12903
10547
4038
17193
10827
10933
18980
4907
18449
34
17359
2402
12306
1159
7255
3481
17048
11498
6631
18120
6873
9371
6851
17535
15741
7343
684
3772
17841
18771
7296
3021
18460
12256
586
15869
14207
2164
669
16191
7982
557
3082
2524
9890
10870
3526
10352
9166
16418
6921
2113
16952
1498
1250
11499
18779
7217
16841
1785
10700
14624
12147
3807
5264
6896
17843
17233
14418
8644
6080
13349
10596
18118
1327
1020
6546
1050
414
15625
8021
2466
5285
16329
2867
14433
15812
12117
16662
8716
17282
13379
2540
15686
8106
17008
3806
5028
1816
17762
1787
18655
7420
15550
10946
13540
11738
17485
16047
4542
5030
7715
6096
11929
16238
18621
16380
2509
15709
9680
15895
16561
6311
15711
12956
9032
18239
1681
3410
7141
5560
405
8647
11831
7142
3346
10103
7424
11996
17150
633
5391
18945
15888
500
2948
18280
5988
15870
1111
11696
17338
7065
9795
16680
6438
5894
3227
7579
13895
8592
3319
8766
3500
5411
18307
12645
4793
2609
7428
14313
8575
17404
5719
10808
11644
17243
11430
16919
2311
4252
4476
7919
14608
4341
18528
912
8564
9205
18400
6999
6212
11336
7604
17430
2728
12978
14674
14106
4947
17944
3024
11315
5653
10008
8078
10225
8431
14476
6982
1731
5866
4522
14582
5961
17479
5263
3753
11360
15063
4635
483
1286
1955
14629
8297
7381
5799
10372
2830
4819
13056
2395
7891
5326
7809
756
11265
1287
13750
1867
18613
2660
10562
9943
4046
1055
18321
176
9593
4790
10084
13480
13187
3048
12943
1172
11438
15062
10367
10348
6474
14542
12611
17184
13932
15449
7443
17198
10418
17922
16936
2185
17284
13811
2127
703
14940
1095
7444
1956
17270
7683
15628
13618
3368
1513
15066
2260
497
10101
10905
17532
219
16888
8631
18531
197
18555
6771
9291
13845
11437
15044
16112
8003
7890
2481
6765
17496
7898
3498
2101
16920
16905
16068
1074
4423
17509
2242
1275
854
1977
6457
6798
18355
11373
10406
7770
7862
17065
5665
15416
17769
10604
1333
11894
3182
14758
2334
10009
14157
16896
10041
5661
877
16576
15299
5607
2776
6269
14173
3622
18319
3010
8926
5518
18479
6372
4323
7608
7001
18647
2411
14998
7379
6831
18092
719
4407
2442
17649
3541
4029
1007
1110
14115
2223
8767
2005
2112
18694
2781
16445
4342
16104
2729
8595
14520
6463
6306
3486
13938
9430
15407
15699
6352
14285
18365
15841
4354
16335
11359
3278
1480
4163
6054
14662
7304
7543
18612
15486
9068
8868
6859
1191
14751
15406
10408
3166
15534
7733
10785
12830
14066
6803
5277
5220
1708
1178
1180
2760
4524
5913
17775
4086
10449
10342
12290
6235
11634
1389
1353
17825
14153
5219
4599
4142
15885
14625
14862
16060
10637
3956
421
11061
12559
17169
16706
15962
11788
2330
18640
8678
6635
211
16932
18428
14755
13717
15121
1767
4597
18012
7773
16243
5902
662
18406
6521
16549
16125
4694
14071
2521
11751
8952
6112
12443
12841
14777
682
18942
11248
13174
4075
4410
16287
8438
7985
4216
16017
14424
19090
15478
4479
7325
4962
6642
6781
7348
7778
15605
3945
14073
4468
7554
7378
15806
3717
8091
5908
13323
16758
18527
14825
5314
5383
12653
18241
8243
7327
10383
198
6796
7764
14224
5412
14666
16607
11842
16520
14736
2534
10720
6617
7213
13049
4860
13441
3101
13010
12768
281
15164
18642
18569
10991
14606
6106
6146
18728
4274
8630
18954
9845
7324
6946
7091
18055
11493
12124
16007
7455
2538
11519
14395
4862
12497
17300
6843
13970
7047
5316
3896
6357
11580
1143
9591
11089
18624
1401
14688
17788
16500
15473
3283
14090
14976
14684
8517
12296
14848
4166
13004
13703
1812
4192
14432
5306
8119
16904
12480
14116
14076
907
15595
6682
14201
3063
17296
14803
10166
162
5880
18632
10832
15317
17985
1771
18986
5130
11427
576
2497
13910
641
15431
4472
3868
3877
15876
16486
3969
15022
1852
6590
12504
15508
4701
9240
8511
8475
11882
7537
10005
13981
4527
5291
6736
12769
4562
6910
11755
17177
599
1740
3246
15307
390
1175
10373
11615
7188
8796
755
8025
8645
10883
1205
12847
12233
7543
15282
12055
2644
196
4383
6951
16127
15784
10922
7082
5202
11163
14032
2328
179
15394
4779
5097
14067
6344
15839
1642
14127
1787
2984
10569
13129
17652
7264
14657
14837
12946
4501
10317
7399
9789
8034
13490
1914
5309
6394
12777
2567
18243
17172
13026
9546
18360
13694
15500
17470
17106
2941
16241
9269
1293
2593
11384
4920
8995
16129
12902
16928
11701
1206
3924
2627
8745
17759
9449
2456
17091
2731
2785
3824
12613
15980
1174
3491
18724
3249
150
13155
3872
8473
10786
13459
5887
11608
1013
12372
17909
15632
3231
6420
1126
1849
13392
16490
767
5638
6657
16511
2365
5076
13612
4809
378
3950
5735
10875
3856
15341
620
10974
5900
3304
5984
15091
3125
1818
13250
4332
16459
14888
2098
7658
168
7954
7020
15912
9963
14091
14876
4200
12710
18992
7828
11978
2547
5339
1466
13889
115
5042
9498
13881
6102
12797
993
8513
3661
13234
233
5433
1752
3066
15332
7290
16767
6377
8586
848
8747
7533
6791
17563
18863
7676
2133
12488
14274
16591
16996
13101
1323
3860
7146
8089
14450
15377
3887
14919
9522
8259
2454
706
7135
9017
1257
17227
12933
9874
11046
3124
7079
18635
902
7330
10156
6536
8373
2596
14639
18397
704
16560
1916
6358
7156
6715
5532
6186
9195
7858
1153
964
7546
7687
2882
5644
14331
17989
172
13820
1798
11304
5547
7924
1371
17103
1789
11589
11719
6725
15028
18308
17152
1073
12670
2689
4386
16947
17821
3033
1936
15127
12711
4089
13870
12792
11787
5080
17628
3894
7321
7972
18674
527
17956
4864
3023
6346
12708
14405
11915
11254
15608
18017
17113
9996
17192
2153
7803
17355
8443
400
6194
4312
2230
2475
129
13918
255
15913
9979
17953
2645
16018
17727
2391
8720
4572
15388
8216
7710
6850
9466
2313
3073
459
12417
6302
5609
16096
13723
6442
16786
8212
8708
13615
16528
14014
14003
3309
17799
15268
18801
17507
3286
14660
11111
15189
15084
10340
12599
4112
10222
13608
3467
8192
8771
3193
2711
11157
9129
4903
5398
12977
17862
7459
10615
7686
4705
16913
9590
17307
16438
4844
13512
5116
4734
12494
4053
14782
2629
8094
3250
667
1671
17851
9036
4494
5196
6325
15345
5119
18686
7184
15748
15821
9427
7058
14054
546
18039
4457
18014
5057
1909
14769
532
88
3809
17051
3260
4329
1256
6326
17406
13206
6567
4328
1452
15653
777
17656
3121
10308
3229
10688
17409
18550
5106
1685
8105
11809
17067
16466
9481
14375
7833
11340
11037
810
9372
867
5071
9385
15865
752
7372
7933
16210
6181
3904
7648
4812
9744
17720
8578
11788
11188
13965
8963
13060
16854
8061
10178
9939
26
17546
4743
6650
7034
8735
1155
2972
960
14607
9911
10774
7842
8304
12084
8227
8433
3513
17858
7523
18302
7994
7794
12637
1060
5254
4295
4116
4105
9500
17857
2976
7936
9262
632
10082
2462
5232
8738
12409
16184
4223
10998
2973
16056
11189
15284
9098
14419
6169
8397
18122
1145
8413
18000
5867
6979
12501
11204
3206
15669
6091
3587
6959
12344
3825
9711
5544
3628
4161
14673
10433
14763
921
311
5138
4376
3654
16121
9559
17078
17349
4905
12168
15312
15735
1218
5941
14006
16167
16223
2026
8175
14328
12052
5004
18342
2768
3187
18032
11564
8507
16086
7908
8379
223
14743
83
8107
2820
1738
4185
11361
7104
14752
17691
18667
8169
3899
1472
17946
12236
5539
9465
14333
8700
14277
1621
5418
6261
2100
10052
14329
5045
5556
3324
6227
15246
8460
4968
12612
3882
18641
17108
16801
3520
5068
286
6534
4886
1524
7772
13035
17712
14962
9769
13030
11446
5240
7314
18606
17397
7854
9963
11262
18538
16980
9762
16251
2227
18562
14724
16742
14337
3924
17317
17929
419
3971
723
1556
1880
17154
4839
15763
465
2937
3300
13902
15264
18372
5268
5463
10988
16839
17680
1338
12496
6067
17728
16428
18393
7820
17672
10268
2955
5053
12316
14677
14613
11918
16118
11595
17550
3949
5940
1962
2560
14988
11311
17390
4970
10180
2359
3571
4400
7234
16303
14877
5046
11405
7277
4110
6339
7757
9942
10966
14232
5210
17327
1902
8943
8554
7369
17928
19030
9125
1804
9336
12249
1824
6535
8539
12159
15743
3225
5511
7414
8063
7336
13373
5615
1018
8399
17718
9157
8211
13302
7744
3091
16803
9500
15303
8503
13386
4318
4976
7302
15182
15528
15915
6897
5178
6342
14953
224
17154
15069
7149
12244
13475
17906
1628
3811
18425
4482
2526
13496
18471
5467
12918
16453
2147
9503
15391
819
7346
9331
2002
7237
7286
15494
13391
17165
18378
12996
4203
15399
5212
8146
2118
984
10263
2808
5701
17403
9142
15271
15960
2240
3478
6762
2200
14089
16427
16461
17455
18735
17098
8481
18270
3480
18494
8712
8976
3079
962
12135
8809
15420
11674
3532
15576
5231
14246
18502
8074
16977
9888
17938
15078
6877
10773
1504
18559
13383
8300
11840
18434
15996
11166
2619
624
8468
6830
6419
1188
6026
7912
18220
3471
11116
9995
15258
10978
12377
2878
8506
11697
747
18506
3224
11562
15235
5996
15824
7120
6423
5292
8050
6094
5187
2554
9258
8463
11226
14633
14892
12734
16235
16115
18650
18586
13188
3799
9187
3812
8284
2193
8118
11398
4347
18133
1386
18984
16828
7701
2716
5443
5829
16143
1325
16544
14242
11810
18395
14899
435
12662
17818
4271
6585
2322
8464
4593
10399
5430
7317
4425
9604
4750
7048
5154
15344
9717
16166
10711
4781
9957
13939
4549
16574
11257
4194
18268
3154
406
15906
2818
13580
15103
2137
2230
15468
11572
14487
2754
5417
112
17884
2412
18016
9817
3828
1042
18276
1439
15305
6916
5946
12873
2
17514
1639
17053
7861
15372
14778
16988
18715
6461
17898
7037
13660
7576
8551
5044
2596
15125
3141
2320
15530
8138
1204
14842
5133
3784
17358
14031
8844
9102
17125
14503
18614
3815
17593
13968
1343
10587
15986
6236
10414
15521
4554
5379
2926
9609
18045
541
7570
11093
7049
4602
6354
4583
14648
18018
5649
12343
4088
10205
4497
7152
17363
4319
2121
4841
14547
7749
10504
14602
15462
2782
5422
13267
15206
10398
14672
512
12110
638
14996
7259
1790
5799
2825
2194
1013
7588
998
14111
17380
14316
10871
2990
16514
15461
3520
12199
18395
17681
14633
12300
17346
16265
86
1993
2677
8221
3109
18987
14843
4221
2640
17816
8156
12210
11403
8715
436
4390
18096
4912
10564
4027
10219
16003
11292
4147
14357
6152
7692
3417
8223
10218
16312
12289
16120
15262
2460
14850
9079
15297
16089
16951
11586
1886
15119
4369
17991
18349
15214
5087
13443
11115
1651
15096
13296
6804
7581
14979
14630
340
12942
18755
10489
3213
17895
18994
15756
4474
13659
4700
8713
17223
12509
2913
8506
54
17252
15012
1954
18225
14849
1357
3096
6608
6452
4244
16585
1548
13563
1737
8357
1395
12118
17957
13427
15205
17201
14289
1258
9030
3906
17196
14291
11902
4164
17679
920
18671
8327
7364
1502
15560
17169
17195
9511
7866
1332
6853
17777
1848
16829
4925
1660
1774
8347
8696
17063
17999
1801
10701
16998
8328
11663
2389
18623
885
16798
10003
4258
880
876
92
13570
10756
6034
3467
9915
18463
18677
7334
6158
1527
222
11244
17316
5456
6882
3925
18541
15079
3215
3380
6663
15834
11834
15318
4802
1949
3322
15358
6281
1807
14911
13522
4338
2391
4924
16439
18047
10791
8076
15613
9139
16208
1049
5048
14783
10464
7989
15640
15979
827
1011
7667
2803
4652
8881
6810
3174
8768
3228
13996
14922
7068
3563
4590
13031
6876
2406
10125
245
7408
1224
15140
3438
18328
871
1509
6070
3853
17035
18066
18684
5967
8097
10663
4544
10691
15854
2579
18359
2173
18609
16468
5290
2187
14510
12663
15211
6970
16222
3990
2033
161
4985
15689
16945
7931
11197
3690
7311
4365
12606
8862
1335
4266
2091
5019
1423
7547
13679
1788
13967
2041
7555
7341
14594
2881
1440
1654
671
8379
11754
1136
2552
16385
2743
4251
6296
3192
6717
16231
7466
914
2980
1479
4201
18696
18578
2331
8557
2058
17787
13408
18193
17456
14445
356
7496
10725
15425
1859
17705
6777
2720
7998
18238
12177
14092
8406
5114
4016
5681
272
412
9131
2369
18852
5559
18247
11162
1932
17371
12684
4945
14817
4532
17334
16908
17894
1903
4771
5077
8209
10540
16220
133
13840
5675
16943
7095
8180
2149
5983
18426
12448
7798
7585
17467
14661
872
3773
3999
3273
748
3940
17205
8461
10247
1560
8440
6428
8698
12107
13520
17978
3502
17812
6505
8345
7806
18362
11926
17742
17463
14359
393
1160
7531
3590
9968
3530
6747
8361
5088
7059
581
10559
6656
16512
6361
3996
8
17808
16921
14294
9108
6753
8588
10111
12919
17448
4887
709
4702
8391
17251
18930
1488
18600
4230
3867
5611
4322
17459
16145
14048
1462
11975
10204
18112
3415
10134
12266
12150
13774
4480
11638
1547
12453
4739
12887
9476
8770
2077
9077
4184
11568
402
10501
8487
13362
14620
6034
12376
14128
7730
657
614
6016
14502
18447
6793
11640
15788
1625
3012
16612
1281
6302
9868
17076
12213
5358
242
18467
17333
16939
6974
14829
17492
10345
9206
17631
6243
1687
12281
12622
118
11130
6665
10193
5345
15822
15387
15944
18009
6761
11088
8311
8129
17844
12932
5181
13454
8537
15411
726
15157
9075
14650
6073
4967
18217
5818
16794
10673
8502
18568
7777
8182
6998
2661
79
18401
358
3494
15776
8325
15001
16244
2498
9034
14969
7802
9275
593
4913
9585
16976
7590
3934
12547
351
17772
609
18455
7385
522
9575
14821
101
4994
8850
4417
1561
7527
8278
7491
16027
10176
2925
5480
17960
2967
16502
2495
750
11364
10479
10144
14631
2975
5956
16679
14452
12967
1255
7616
8778
5023
4870
4780
14239
18721
3616
15712
16075
2376
7027
7810
3653
3333
15100
9929
1170
705
17439
11625
16282
14615
18134
6223
1220
2872
9393
15767
5999
4600
5602
1673
8176
9201
11574
18615
980
3837
15554
17853
14578
15126
12534
3618
17375
2115
15758
13907
13089
7492
16320
1012
6359
1057
18196
6550
10695
14296
3783
17664
690
14854
477
6918
13196
4782
9294
5501
965
8100
1419
10394
8821
12910
6143
11777
10228
2783
15167
16264
12704
16858
7544
15102
17880
6968
8819
11649
1802
9507
15844
14878
4466
15
11174
18865
14635
17274
952
12623
2210
17024
6492
10759
4022
14325
8750
18485
14621
3147
2551
19000
2730
655
10470
14732
931
18668
17216
7852
16035
17360
16395
1425
16432
2510
4158
17093
18725
4511
504
13756
4944
16493
18062
15179
7236
9812
9678
2581
15616
8155
14129
9413
14107
13797
18995
11178
8368
17695
8546
2472
6836
17036
1809
17278
1499
2647
3787
10861
1397
841
15881
11658
7356
392
1770
8702
9581
8052
14860
15025
12896
12168
9614
14697
15718
8574
7050
8689
18263
4301
12564
6103
7193
8358
3804
11426
4507
3649
4725
13514
653
12869
14989
15048
11144
17533
9009
2806
14729
16131
1248
16878
2989
11055
6961
17197
11095
12294
4897
5091
16441
2724
4896
1935
4614
6516
7942
4084
17603
10734
575
5269
2794
16821
5043
8668
3567
4470
8885
5506
14730
16333
15942
18663
6641
4507
17137
9408
16330
17974
16991
15218
293
2659
5612
3829
3076
12452
14814
7968
17869
16600
17475
2630
16423
2207
6569
106
18290
14254
15555
8111
17939
12735
10527
14151
11351
15194
18751
1964
18680
12026
8176
4649
14386
56
13445
11734
14800
10335
16830
346
296
11982
433
3072
16307
10236
18529
9844
17499
4979
550
15564
3779
2367
3090
11082
5347
15204
55
15969
13418
2949
1490
20
2703
3706
8346
2848
15849
17144
3095
9359
16875
17827
7983
18294
17200
4234
11467
12818
10322
17175
5371
840
9847
5611
2603
1271
9716
9143
15645
4674
18989
15956
2926
6195
17268
17776
14247
4935
17258
9733
16955
13042
17259
16533
31
1328
15573
4603
12963
8707
18535
17029
4326
7595
5014
17624
2654
18492
14888
8542
17525
17006
16203
10115
17140
5639
13343
16051
8480
6449
12019
2766
17531
1855
16579
6683
2043
8485
4727
1899
10378
13342
10300
15700
5459
8350
14584
6100
2430
9713
2950
7300
1023
4991
6811
9962
2257
18846
15008
5304
3074
17027
14138
13003
7125
10960
13631
1290
16989
12556
1910
8343
467
6676
7173
8150
16792
13930
18726
9428
5054
17761
1270
2542
1979
407
8572
5879
14802
17122
17556
15418
12650
15368
12834
17021
2337
2204
12396
12811
14718
853
18801
7094
16893
15816
2519
10733
16857
330
14455
10631
2293
7089
13936
7808
17079
14792
18707
17784
16956
13353
4421
9148
17927
14948
4385
18713
16345
2698
15745
16212
4325
7587
16048
1135
17651
18229
9231
1384
4154
18166
9027
8651
2249
8179
12473
12227
13433
7412
17444
1378
11072
5066
3605
13963
9360
11341
14477
16983
1992
4898
12688
17185
7600
3538
8044
8628
10892
12976
12265
4069
6977
932
3780
8420
12579
1989
5892
17355
8220
8610
10518
13958
6975
12280
3018
13758
17514
6929
14733
6987
3575
6904
12309
15904
7547
4958
13142
74
11078
8375
8463
12429
3430
7727
3217
11416
7714
7822
11300
14170
12647
14537
18097
2034
574
7452
5423
15757
11767
4279
511
15289
13028
12203
8682
7987
5368
18582
2821
12160
17047
17086
3501
7345
6655
170
1817
5710
11618
7243
8073
9320
18151
9825
16446
18943
6925
8351
934
729
17813
15775
7026
17918
2452
2301
9777
2576
16078
4363
5519
16365
425
4180
10390
2577
16852
2102
14513
13081
4209
17996
8234
4469
6047
6356
14369
16126
2570
12492
17611
4751
5676
7787
14978
61
901
18826
13661
2205
13237
2494
11942
8071
17807
4588
3444
12713
7263
4123
9746
4195
17046
18341
16452
16006
7942
7060
2182
18673
12218
588
1928
6479
10039
5705
997
12798
14193
17287
903
6145
2484
1117
3463
13607
16642
15674
15035
16442
4231
3588
4658
10122
2899
5604
14599
689
10802
17809
2556
13309
5677
11512
16526
11909
15746
16084
5122
18171
2802
11279
9603
4518
17839
187
15520
17401
13107
11114
8108
14811
5006
5367
3896
10369
4136
15452
13137
1016
5663
11176
15914
19012
9808
7280
15731
3531
1551
6012
468
17151
15670
15042
1778
9136
16033
15867
2375
5215
15766
4664
4424
18421
6111
7966
266
17013
7362
1202
14781
7724
12515
5124
946
412
12642
2417
1115
14508
6992
218
4695
966
15432
3272
8092
17309
4111
17014
1148
6410
16527
11010
17385
15293
570
18330
991
17114
4845
4456
18338
12819
397
15458
7984
5531
51
11930
2742
8474
12645
2451
16061
14680
2067
8207
6292
12340
11183
17320
16681
10771
14907
14663
9254
5259
7949
13457
256
18067
5123
15276
12970
3874
8769
4168
2132
4730
7716
8283
2320
6440
4805
15763
8984
6066
1436
14910
6450
12838
15460
10542
6997
4688
807
16144
3818
16473
15951
12781
11266
9994
5099
17737
8093
18717
628
17292
5301
5203
7409
4395
4124
12134
9538
5968
4141
2032
6348
8533
12367
5569
11688
9446
10536
12029
11396
17436
14031
14591
10751
3569
15346
900
6041
5438
17199
9901
12989
14258
427
14849
10059
5349
14391
13
331
6488
14257
8109
14437
5097
6265
1684
3795
3146
17072
12681
17625
15836
12476
10334
7785
1230
8103
927
14295
1112
3534
6630
10910
13709
3104
7689
4373
9319
18063
4515
13146
13824
4728
1449
3529
19
2770
15162
7436
591
10053
6099
2141
3902
4729
14451
764
3139
5728
1041
4339
17484
3022
2399
10135
6577
8757
16793
341
15191
14488
3382
5095
16818
563
13127
2341
2493
15155
249
17572
1309
13637
7071
15177
3069
4523
17683
3676
14774
11855
4847
6858
10968
3893
12656
5901
16476
11120
4344
11861
12888
4220
13855
5043
18955
14710
6954
17431
16966
5260
14507
12380
1953
8642
16081
12282
11630
2041
15112
3027
11160
17187
8217
652
948
10703
15533
8634
16044
5565
12873
17272
9126
6792
8535
14094
18109
4747
4065
2966
2216
16937
12658
3395
7660
284
8419
17836
2837
769
8228
1507
16886
8966
519
2432
9771
4118
7370
5959
16524
2438
7718
13900
12908
3627
6965
16131
2606
11211
10806
11314
12047
17188
7347
18272
4471
5440
11083
4809
9966
3242
8358
17290
12022
7484
12225
12644
12301
10816
15946
14256
5992
10500
8573
11215
18002
14739
10801
4348
2833
2489
1712
11011
4789
9916
5468
16043
12123
5000
12121
2635
732
19004
4940
13571
6057
590
12314
1866
8746
16256
413
6517
3882
12215
953
225
12890
3004
7868
14253
4453
94
4219
5890
15708
17345
10169
6263
16101
13961
12187
2544
16643
14654
9184
15052
15738
3002
12274
185
12459
10073
3360
13971
6985
14765
479
10070
14887
2254
328
10641
7431
4659
13222
18629
7074
4692
16064
13248
17789
8004
6285
15436
457
15634
9931
1693
3197
11652
3011
4211
8615
14601
10262
4204
8675
7935
13121
6301
12618
406
5669
2884
2565
11218
7439
11583
18581
7955
17582
2617
7900
18132
8722
1288
7724
11482
16903
6928
6847
3521
1036
11903
5994
13645
10116
4775
15238
14039
13063
3429
18883
4183
16873
12683
6028
15892
11103
4271
7051
11794
10209
1245
17244
3915
15316
4076
818
2747
14727
6898
5921
18409
5036
4007
866
8869
14514
11436
13158
6651
2232
2129
674
7084
11158
14438
7917
15911
6973
12743
6393
9530
5742
4788
10400
18659
10223
10410
348
4242
542
795
4292
17337
17902
10443
4375
10505
5070
4202
6127
10409
724
9239
3814
1662
19005
14314
3435
4762
15321
6369
11229
7360
18675
6064
15485
14643
16615
994
16489
4240
5460
4384
8115
3959
12318
4250
7884
2903
8002
18279
12129
8302
14859
17990
5295
12170
18328
14293
9613
1759
16248
3019
13722
10314
7634
3929
13390
533
17877
3476
18653
9441
13245
15419
7388
11651
11682
2496
17633
15897
3
14468
16787
8635
4236
12938
4814
7841
13310
4008
12533
7189
2571
12207
1945
18960
9977
10754
1125
5888
1428
16790
7202
15679
8274
5603
613
18974
7419
4810
8807
14300
1283
16108
7990
292
7723
4900
11456
17890
2645
12682
14946
15419
938
10290
18003
9026
11008
18465
3035
14796
7729
3113
4331
14904
10065
18184
7699
10029
3277
6305
5356
5454
8863
17238
13652
1246
11464
14205
4120
7311
11440
5344
14299
16451
15803
7639
17118
8261
14968
14866
720
16491
16523
2251
10685
7157
6476
7688
14157
3357
14967
16182
14458
4787
5419
18306
8472
5352
1068
16294
4660
15883
7229
7537
13285
15366
7214
15442
13783
18164
15819
4816
9608
8030
5325
10232
844
8625
7732
12039
8841
12130
10591
13495
5235
17753
4175
3045
12131
959
16885
4690
16969
16812
14881
5970
16965
775
15009
17411
13201
583
12502
16795
6966
15497
2038
7110
8113
2056
5416
177
16277
17838
9439
125
12008
18752
8204
3885
6638
7947
15031
14918
4757
13080
14505
9159
4836
15807
5389
2312
52
2019
9477
16217
582
12112
6266
12709
3524
4608
16058
7361
11887
7178
6976
2066
2621
4720
8711
2017
13942
2243
13877
10814
10992
4127
10665
821
4538
15292
8515
12517
12512
1648
7647
5101
2485
15241
8077
11943
10192
481
8363
16687
2978
16262
11659
4358
2751
2824
14925
8854
7260
3776
4645
16565
7176
14589
17701
6323
17516
8386
18110
1799
17297
16319
5590
15765
2594
15007
8425
18782
12313
7004
16012
13544
2836
2245
17856
1761
18053
6737
8594
6448
4908
14495
2523
1108
11027
10414
14311
15089
9362
2711
11187
10040
5445
18236
8137
10557
9029
10277
16582
16230
6986
967
11172
6920
8267
1757
7321
3038
2159
12250
14742
1462
11598
3447
16975
40
4574
8858
10477
7887
6001
3439
17090
4806
10674
19088
899
17934
639
8172
3007
10499
10649
5524
12671
372
12693
454
7788
4933
1908
7765
11711
5129
10760
12834
8245
14368
12038
7028
14264
14882
7262
10362
250
1883
14127
3248
16396
770
7249
18938
6452
1107
10616
8269
1666
13650
14261
4273
2161
19007
18312
7853
17243
15651
15242
2652
18946
3437
5541
4738
6081
5094
17849
3857
15984
16872
16984
17771
4282
12341
163
15971
2842
2253
91
969
52
17795
18890
13185
14717
11667
12807
8659
5683
5200
14434
8655
3997
15255
17899
14618
5808
16810
16224
6531
17608
5120
5348
15637
1691
7373
9706
5599
1885
7158
1418
9404
2146
5370
17752
15011
6697
15599
11090
11298
4982
14415
18481
22
5615
380
8486
14461
3886
11843
11525
3267
15650
17420
3144
18626
16992
18101
6237
17025
10555
8432
17141
17888
15128
12759
9426
15185
11371
1350
18993
4651
14596
4564
1744
6627
15507
11977
3888
978
5213
3291
4412
2008
2158
10795
7894
1554
15320
615
7421
13356
7981
17528
17574
7085
12827
5320
12638
3235
4758
2880
9235
3005
4489
2192
17145
18871
16258
16979
8527
17971
992
8326
14524
13941
3422
11757
18390
11992
2951
5134
6134
15698
12278
5439
16808
1521
18669
15830
15178
18554
5555
3485
6211
8978
2419
7532
12973
2346
8753
12287
14025
14051
2471
14931
7164
6180
14815
11766
3797
15092
3785
9515
10728
8219
11117
16529
16436
12258
1907
10639
9681
2968
14794
10233
18924
9843
7449
8823
15677
3022
6482
280
14869
89
6320
18108
10638
14573
7930
14738
13780
3331
4704
9673
15196
1375
191
6914
3557
16102
16535
8087
17044
3138
6003
4062
11772
5038
16216
12310
12404
7137
9997
14042
3532
7108
14545
12359
1783
8015
790
12519
2906
11464
9776
8648
5692
12975
2714
4392
8321
8292
12339
4073
7878
5925
573
17084
14954
4817
14774
9947
17291
1427
12721
2074
244
17571
3761
2062
10920
5315
17143
7261
5226
1167
6142
17694
19027
17708
7426
4891
16533
10128
10610
7530
8960
8619
8110
5172
359
19006
17822
8068
15158
15739
2351
11269
10303
13398
4547
2393
14676
5543
7565
4979
12220
2944
7672
18476
17131
5621
15864
4657
18661
10284
18637
11397
13643
7793
17641
14961
16024
12222
6162
16328
1826
3465
11748
6685
12020
5570
15984
14721
11952
1782
10057
327
11099
11567
9556
18464
3255
1132
8439
11329
18917
17730
15663
18770
554
1749
10054
4153
15192
18116
2448
15137
1000
6820
12961
14250
9092
10004
503
3472
8116
8365
143
17592
17204
15420
892
5491
15597
17260
14522
165
4440
556
6720
15023
8454
2386
15901
17997
15933
14975
1383
14272
14445
1688
14498
15369
10485
7472
10686
3259
13454
16978
1352
12291
186
18412
15629
2994
8810
4587
14317
17168
18389
309
7055
1142
18281
16960
15749
18513
18245
17904
13264
17402
13953
10746
6353
1052
15853
10768
7825
9452
17474
6033
18998
16616
11991
12317
17049
276
8614
8417
16510
7621
1231
2096
6988
6020
499
1777
5140
3199
15475
160
107
17073
9586
2097
12269
7340
14955
2327
4179
5529
18856
8455
2169
15584
9437
2197
9768
4669
15120
3433
8047
14332
3836
10402
1686
5983
11788
11839
6487
2022
10386
1429
738
17828
15732
13914
3698
2195
4232
18485
6867
11443
3993
1426
4418
6994
8482
10913
9831
2487
16252
8271
4064
45
16649
6891
7009
4580
16142
5514
14
15013
18009
18692
594
650
9679
7769
2849
4387
2934
8839
695
13381
12348
18345
4129
7817
7580
8538
4768
9493
1021
15952
18379
12048
5027
17675
14610
14228
7797
15138
18391
19003
10027
18761
17870
15873
2299
7024
12307
11201
16047
17698
8136
1865
11944
16484
2555
6044
12154
3301
6459
16954
4165
2793
4807
442
16902
4315
2078
438
15694
18442
8530
17164
13108
1562
5341
4431
8130
16246
4450
10608
16776
14682
4349
18353
18719
15106
5883
8447
9164
15905
11657
13115
1858
875
15272
12041
7875
5009
12859
4353
6588
11043
18525
17039
14538
16780
6816
8467
14634
17311
18304
1251
18620
10957
18264
2590
16405
18060
11812
306
17745
6852
15508
5073
14225
5648
1345
10529
17023
18086
2196
4959
7525
7331
7799
16195
4306
6744
13413
9447
2360
2208
1032
5912
13546
9124
6451
13098
18988
2983
13431
4560
12467
995
8944
166
14685
17932
2257
14186
9793
8070
616
15392
8674
14442
17691
9900
5552
13949
1980
12883
4366
17917
8643
11350
10392
7150
15003
2622
16008
7316
17919
15123
1217
14273
115
10136
17217
41
713
13246
5924
17506
14515
401
8676
3240
3212
2815
896
17249
10629
17993
16292
6078
6886
8697
8011
12410
4465
7072
8312
308
9563
13064
6382
15567
8798
9141
6895
7138
12755
17377
16361
7885
14060
1222
9380
104
1024
5451
11069
6860
158
8019
4594
14352
4714
17023
10167
5997
14691
16863
3687
18162
1318
5177
5453
13338
13687
11612
6730
7440
4481
5331
11760
15652
5620
2113
14100
14481
1890
6055
7275
9857
19091
6572
801
18111
8624
17558
11760
11212
3908
13244
5061
15769
14956
5893
18411
14864
11238
4595
17263
8280
9361
2340
3407
6773
18720
8492
15794
6917
9851
5073
3572
463
4321
1895
13974
8033
2023
10022
12719
4794
6601
5039
1967
623
7041
16020
15275
10434
444
2540
9455
18237
6879
7468
5953
2725
17374
9950
18413
6838
2856
983
9266
4357
3432
6082
6937
6455
551
3036
18773
17537
2012
17387
13395
2782
13620
1871
7355
10538
12696
7210
15652
12956
18533
67
1510
2819
305
2238
6942
12872
4190
10061
1526
5905
19103
13627
12668
16152
553
17209
4401
6289
2132
15568
1493
8122
7693
6140
16107
14872
14489
7230
18588
7124
18638
11179
25
2175
9628
3553
10294
10888
735
18359
13377
8780
8500
10131
18678
5641
3176
16729
6176
3479
11799
6626
6878
2016
6376
18537
6768
11379
16161
16
12450
6795
19104
5592
14659
17097
1105
11951
18743
16286
13825
4055
3185
17109
4773
10852
5394
15438
13721
2176
12558
976
14292
4711
15891
1346
2130
4492
18165
7456
4106
16416
4791
18249
18223
231
9860
7916
8304
1896
3088
4525
3106
15687
4961
3413
4697
5413
18597
12400
16372
6881
8121
9069
17301
15593
12499
19001
7273
13888
15051
2831
18710
16822
14635
18487
9697
3236
2636
731
8126
16089
15724
14041
7298
6270
2995
2010
9259
17722
2079
7171
1171
6422
18652
9864
10361
6203
4877
338
14665
13897
7326
18044
9284
1403
16926
9325
8246
4903
17820
8890
17613
3864
13892
5527
14052
3823
8940
5109
4294
17734
12460
18718
13896
3361
5667
8626
17003
13856
7038
18941
7706
14238
3820
16296
17040
17619
6284
16888
10006
18356
15847
16415
9588
17653
5952
8337
1163
17526
12334
717
8792
17318
15330
16650
13611
13823
612
15231
17280
3909
2170
16085
2667
4197
2612
6634
4019
1971
3169
16344
8676
173
17864
11046
5800
2076
16255
4828
4517
10803
9249
3880
17231
13148
5243
16853
3790
12193
12738
14148
7320
16205
8728
11278
5024
9418
15710
10202
4679
2758
1681
18157
1491
3568
6888
18269
13724
7596
17837
12807
5170
1361
11620
4199
13079
7322
8228
5023
8080
4742
16359
9714
8848
4047
2543
12720
4351
7684
12201
15861
14037
3345
15394
3879
8066
8342
6695
10105
4765
15306
1747
1118
1735
823
12049
11312
1121
2546
12816
3808
15692
15484
14902
5588
14301
8834
548
8007
8736
8751
11445
18838
15219
11785
4671
16214
17432
2266
14443
17626
5476
13674
13822
14418
1274
6668
14941
5288
14951
1689
9761
3159
14475
6903
14016
16158
2291
13012
3188
3062
14863
4853
17578
13593
5222
6190
16087
5056
15065
5598
8687
4610
17804
6710
12482
6228
6611
18405
17286
14077
9876
3781
10532
17382
1719
15347
16247
4430
5010
13194
12558
9870
4609
8498
12728
12363
11423
1420
15843
1377
8270
4842
2832
6749
8012
14245
15059
3838
13959
16245
11443
9133
18049
1302
12474
10261
9910
12822
6689
13831
291
10819
13846
4003
1924
100
17657
10321
9557
13492
11219
6168
6983
10514
13545
8160
16959
15085
12586
16856
8688
18376
13566
9666
5308
4894
11507
4275
334
8734
7748
17689
8346
2018
8954
4128
10017
10278
14788
13004
9328
7211
7242
7960
1617
1847
16775
5922
5672
8694
16482
18072
1312
17736
15045
12849
167
82
3932
13399
4987
5899
14478
3276
1739
2517
71
16242
15656
4291
14366
9685
6402
13209
10107
8553
1348
1453
9354
8081
6745
10462
350
2537
4648
14045
16270
13635
1390
2422
3160
6848
1215
4382
1062
345
7934
13531
909
11935
8772
2779
11728
11846
5185
10600
15267
2029
1618
18725
1805
10898
14767
3560
7403
11742
2840
3220
784
13435
7080
17218
668
2326
8372
12457
10548
6871
8183
4207
2858
17673
12115
9988
17316
1212
7656
4543
7429
635
3293
1030
6738
11404
15927
14785
8663
6724
2377
9548
2662
6911
6669
12030
16140
7122
12723
7603
108
1136
8290
42
1392
17399
3306
7898
8849
17770
5060
10577
759
7010
197
6584
2653
3181
2613
16895
14085
3935
11221
972
17221
12354
16571
4304
7704
6060
12571
10114
10274
14916
7572
17237
14647
2348
13966
15487
2394
1925
5622
5496
8867
14166
17981
6805
10344
17351
16215
12347
6551
7352
16133
2142
15175
1015
6414
724
13904
10977
18703
1141
9620
4872
10377
5499
16062
7284
2786
7779
12880
17555
2482
1037
4559
1264
9390
10444
14623
18431
7575
6077
2896
13072
8298
379
10391
3567
5699
1393
8266
58
14914
5217
12990
269
14770
14341
13022
15199
1645
7444
1631
2954
742
1667
7367
4551
15604
10064
6716
4107
17638
12584
7920
17817
7754
10288
11060
6004
842
9573
15538
15355
12610
17622
8704
18931
14647
2911
787
15947
6742
14604
11073
8663
14235
4897
17068
5176
990
17682
2447
7469
12367
5696
15187
1853
1982
6069
7282
48
17871
16021
3898
267
10139
14667
6438
17012
11628
3342
6169
7225
15997
6818
11964
10145
12432
2231
17831
285
13672
1948
10750
7945
10177
14440
4256
17805
7722
1221
7097
18543
11152
19096
3925
3428
5524
3481
3987
18520
15408
15067
10270
15043
6114
6378
4408
7310
7335
10360
7720
12185
5072
17635
8495
16156
15270
7597
1800
16877
2140
5259
3318
18336
15412
9356
9811
17074
7036
6718
15704
13806
18020
559
11458
6645
15523
410
2300
8017
14248
3791
4654
10672
15434
18604
1053
16276
15887
1405
4603
15717
10839
5205
8561
7888
15706
13905
12156
14711
13675
6085
3077
3332
11535
2270
4798
12431
14740
10239
16671
7170
10969
5631
16982
8035
7
7686
7670
11425
1372
10242
13236
2993
836
16507
566
6139
7673
11662
7813
7200
5332
1185
893
9394
6340
5702
110
4337
15076
16882
806
3312
14826
3425
6813
3943
646
8998
1553
7025
9562
3426
16782
9889
12848
275
10357
8398
1269
12382
10178
18583
17265
2179
5561
16316
2446
14010
1947
14312
3279
11411
14901
716
1434
8039
10287
5018
7385
11066
14879
2380
7538
17920
5002
4381
1349
16481
526
12399
2024
3288
6508
2174
6827
11860
14638
13119
730
8872
15243
9054
15542
2490
17654
932
1027
16295
17381
12475
11569
14958
4934
15496
1082
3839
11747
5731
14570
11955
933
6272
2064
18731
17935
18027
9923
1676
4937
16049
7007
9598
5842
2618
7801
10729
3211
10241
5083
9871
10033
14712
3497
14013
7230
11950
8636
14999
17812
3399
2181
17312
8281
3167
18426
9274
13077
15623
5864
2817
13767
2051
2136
18174
14315
17405
11305
16343
16044
16872
5214
12030
16013
15798
6612
9345
1998
16172
11880
6120
15223
9058
15494
1694
1489
11608
12525
12337
15875
2021
5562
12328
12095
17766
5220
1692
10458
11906
4768
8562
11830
15729
12042
7965
9879
16069
10010
17793
6604
7967
12035
1445
15890
16855
15570
2588
11529
10967
14123
18295
3937
15492
5995
11786
18631
12342
131
7100
595
17133
10165
4427
5241
11433
14449
9368
1915
11814
15149
15551
8053
5831
647
15664
12424
14220
3341
12000
17936
11712
17262
710
4277
1942
1534
13161
14791
10088
7950
19028
6149
3006
5026
7678
4333
8639
343
8699
9315
15191
1484
12175
1803
12110
8240
471
4059
12332
16914
14741
9853
11941
17298
17365
17483
4119
2371
3533
18651
4499
2385
1031
6637
1650
15363
12801
14987
15217
7315
183
3744
1674
17647
7996
4762
15307
7513
665
17882
15878
10081
17785
4293
6309
6496
4875
8422
12217
9826
18004
524
728
2950
16559
6889
8149
3759
137
9772
8725
9229
18483
14877
10423
15639
14237
17061
1146
18021
14790
19002
4355
18628
6058
14603
15311
9367
13024
2488
3697
4964
8037
4087
14007
5176
4915
6151
5551
5713
2772
11123
11624
7224
7265
15526
14756
17746
456
1364
3295
3142
17748
2095
326
7856
8466
1846
12248
14737
13626
13952
14420
2962
701
5245
17855
17225
6572
15046
10779
5646
568
15004
3496
6039
7941
6063
17176
17684
16782
8544
2542
14658
10681
6581
14894
16874
7712
7653
5877
15552
6074
1943
8212
6538
15736
8456
1725
12909
5034
1828
7804
13401
12379
426
5218
2548
4888
6841
5716
10354
17554
5402
2922
3681
2135
5372
18296
5564
13898
480
12314
17801
8958
17512
1756
11949
11490
14994
11858
6079
14657
11829
5437
14709
18514
10985
14628
14569
513
3424
17179
10246
7253
5397
11741
7883
7293
6200
4495
18702
16375
2924
17288
882
15413
9335
1637
2259
2651
1975
1399
4539
11142
17782
5433
5357
6636
7807
11006
14550
8701
6335
1889
6757
17025
18277
18427
18076
9841
7414
5079
15941
7928
12530
1753
12588
9403
14217
14326
5286
15826
6447
3
1525
8435
138
5975
13719
1206
14722
11549
9251
3788
14284
11997
4516
6644
17892
15287
8653
3134
16353
13955
558
1670
6398
604
8609
144
14701
5169
3241
9235
6161
3870
8806
227
10859
14997
18357
8410
8584
2910
8117
9517
18169
2777
12361
7318
1879
6126
13229
15536
1966
6322
18283
1482
16338
16355
12576
15027
15476
8512
5087
9944
6562
16250
15263
9833
6935
849
14977
5429
3001
13157
447
18071
16570
4941
7128
3029
3411
1131
3450
9902
4263
18458
12560
15153
7114
10707
2787
5256
9458
4620
9725
17747
271
17790
4665
17157
11827
2000
16586
366
6893
6575
12361
7927
7017
3352
18094
1348
5944
18929
8114
9975
17797
7073
1944
8490
6355
6065
15266
6822
1738
18690
8784
4848
16016
5308
11417
2655
4638
8912
6092
17117
15173
13993
1460
11800
4406
10154
7943
449
15197
3810
7115
10571
1432
16381
17339
7390
14425
8306
16564
16074
9363
12939
16922
7816
3383
8605
16041
928
8224
18436
15517
10112
6157
10472
15181
2605
299
7939
15226
14122
6799
12383
3290
17104
14861
18298
17964
12678
5366
16480
1922
8520
8685
6315
13095
14938
4693
2669
12664
19094
12641
17488
8248
8494
3093
13232
2930
4722
14015
2163
16262
701
3602
547
14920
4978
17860
551
18581
16941
18796
16274
10556
12468
6276
17561
10705
14590
16733
15054
2868
785
3528
6565
1546
13106
17487
7165
15740
10309
9592
16236
17995
16941
5078
5340
7542
4159
6772
17597
12299
16911
12796
14356
246
17424
7244
7042
6445
1946
14561
1683
5324
8799
6132
16505
498
18050
1940
14846
587
2190
2190
6993
6148
18982
18510
1344
7922
18573
16291
16253
7552
7392
905
2285
766
13707
12275
11203
4986
7012
482
16132
3418
14517
636
5440
6366
5390
13325
10932
4823
17434
18630
478
11693
3219
12204
3263
16836
2214
15349
6701
4975
2139
155
11853
1966
17806
12789
8338
2407
1448
2650
36
5055
8532
9543
5065
1905
4514
15034
13506
2148
241
10362
12845
7057
16157
12085
6380
7067
13038
5081
7232
14813
18941
8210
2756
4446
2107
11560
2586
9605
14506
9998
337
2708
7721
12500
15935
2468
666
16347
8151
619
2859
13372
8060
439
17160
12303
6567
14423
15105
11195
4502
7425
10782
1554
7159
4955
15527
15325
127
421
12297
2946
16531
15250
2474
14302
15671
7824
7776
17129
6171
3189
4582
17040
8189
17948
3794
8662
10015
10497
1523
15081
15950
3064
5113
14687
16079
9508
213
3285
5377
14347
257
6245
10137
368
4130
14891
5234
10727
13973
3356
677
13884
10811
16448
17214
13809
4766
6029
18377
16175
395
13893
16045
9986
16827
914
13072
17050
4676
2736
4485
8026
5128
17674
18799
2587
17676
17802
10083
5173
4298
6456
16103
13998
8143
1892
4268
7889
2277
14645
13882
17085
8523
17407
14965
9790
16444
16221
3756
16462
2476
14617
3980
11102
16646
508
381
3977
16446
16555
4451
8064
3245
7207
14130
473
9154
16141
6119
2119
1829
7553
8329
8387
19099
15801
6364
1437
6686
9596
921
16409
17289
8566
4113
9610
16747
1898
10067
16770
3968
15334
16759
15720
1229
17167
8547
12279
18981
9067
3562
17323
1158
247
14519
8603
15184
10930
8705
2502
6875
5477
14703
11150
10824
12276
12980
1246
14747
11655
7185
7211
14675
3910
7333
6548
694
11956
13275
1947
215
4176
3314
10815
2904
6051
16218
12523
15796
15308
2092
10643
4007
17278
14086
7143
15263
8020
4865
10588
5075
15948
12498
15877
626
18711
12962
11986
1475
4939
13135
14903
18253
18627
2319
9290
3767
15549
1381
16042
15604
10305
16811
1878
1533
13211
17767
16676
17019
16962
17120
12673
8127
14147
9961
17926
654
6828
16119
10903
11687
11057
7589
3975
10185
4220
12562
10435
6788
11818
17865
14820
1308
9432
6327
4144
17207
17447
8442
2347
18034
14883
9487
8835
14749
13442
4389
10396
5589
11669
939
6125
17210
4233
16370
15221
8416
4541
6395
8509
12428
7666
16504
18358
13658
8014
8286
8323
1715
17955
1354
8170
1342
7569
13319
2971
1339
2738
8847
4529
2378
5074
14923
7328
239
4182
10809
2559
6795
484
5158
6603
2439
1130
1129
6515
17688
18706
6846
18310
5593
18970
1210
1921
8775
7694
16122
14949
98
15857
10731
13729
11435
15065
18432
17353
6750
12740
12353
14439
17181
5343
649
8858
4706
11737
7510
3897
12912
3778
12906
4259
12472
4208
4871
7583
10326
9652
8562
2726
16780
1194
12877
9277
3905
9233
17598
1200
12338
11725
13103
4745
4253
7987
8046
8293
8623
14867
17828
4723
7168
15727
10570
17182
698
16598
18231
14058
18210
3060
14960
7424
3930
5404
12086
16567
15631
353
7946
7970
5209
6310
4526
2720
3144
6667
304
3536
5548
4957
6933
2500
7874
5386
14233
15380
16202
1906
2791
16357
6252
17588
18633
18473
6899
18054
6052
11050
3213
16515
18024
11547
14006
15277
3579
887
9639
2885
1034
12061
985
4198
1825
3087
1720
14467
4670
6483
3846
16073
12005
7186
10265
1431
6251
4573
1988
12413
1213
5501
3623
16653
2321
10419
5165
19101
15684
13141
4391
11804
190
14195
16777
5090
3684
13924
17064
8202
10257
2290
3954
17615
4280
17423
8476
1779
4368
10331
14595
3364
16540
12308
10977
14281
3548
15871
1096
9028
2125
15389
17480
2273
7734
5037
6972
7495
3313
6940
16070
13174
2072
3585
17940
18043
15180
7829
375
859
13922
862
16568
13467
3245
16464
17001
725
6801
7467
4591
18332
7415
9969
13604
2000
6049
15582
2685
16935
4966
14972
17866
9074
5049
4998
18373
2541
13212
8377
10437
12240
17648
87
18497
12403
2798
957
11862
10837
3890
17896
15148
11389
3441
17660
8518
18146
13428
14095
8135
5248
11052
16423
3000
17834
549
17629
3985
3932
6537
7029
15216
6046
15086
2530
2790
3132
1365
3936
7200
13789
7740
16180
17421
7131
2180
14181
11743
5526
8787
16387
7511
2261
4772
3596
8132
3870
12675
8222
17159
10129
6375
10108
6606
16322
3756
915
13160
12982
17988
2870
6324
5427
3161
13321
15008
4080
3122
2283
16026
2373
8412
13906
17726
18815
2299
6783
16431
14798
7155
3769
15571
5635
8200
8961
11706
6083
2428
5397
7524
5369
18316
8608
10076
7753
2272
3865
5287
18278
5272
14534
4394
11286
14243
885
8384
16478
16766
10551
11927
13337
18766
16556
14788
14028
302
14895
13899
11573
15435
18380
4558
4502
17322
13261
396
8260
398
3412
18760
11784
2323
8362
8638
4703
14705
3266
18511
14231
4488
5906
17441
12514
16764
3210
15638
14693
7220
14492
16232
17640
11860
10990
4712
10051
14240
11863
17069
7458
8790
15182
5641
15234
1382
17743
11255
18578
4381
11791
4148
10896
2595
5346
3112
4018
16239
6436
18367
18936
6786
1077
8022
3490
2495
7782
7571
17393
2996
16304
16164
5035
16819
2912
14339
17102
9599
4101
6308
14670
15609
12143
7477
9015
12532
4634
1965
17111
14984
18121
7914
1938
3984
7901
387
1001
15896
5903
14286
6473
7190
228
11399
14873
1707
17969
7005
12767
14441
17560
1301
15295
5350
18123
4568
16455
11451
10775
6561
724
2060
16766
3821
5192
794
8408
10123
3268
10258
10652
16782
18491
14731
11129
18444
7624
4199
16804
15800
14029
18292
15338
16066
4285
16197
4633
16326
2719
10056
7274
15433
2037
11047
7197
11040
7299
4125
4433
14644
19
4569
811
11200
16503
9420
15183
18019
14844
12582
7682
2220
491
2755
9775
11540
4085
7257
14405
8722
8620
17683
3775
14760
6404
1067
2093
6786
7694
5047
14133
15402
8318
16346
1
12726
17203
374
10150
10972
18789
16367
4343
4454
8800
6464
4923
16851
17800
17285
1244
2206
7702
15341
5208
5898
6138
5985
6249
16597
6564
15721
9976
538
5652
1388
8522
2739
14499
14511
11302
9903
7980
8027
14833
4627
16371
4283
15919
10690
6990
15974
7606
11888
15580
10918
14175
2657
6343
589
4833
16894
8601
1019
17007
17126
8740
1743
16002
2431
8238
5573
6823
8104
8178
17791
13573
16772
8394
5258
11434
4656
9805
15560
103
1822
8543
232
15404
6154
9399
14117
14896
17212
15111
694
18129
11689
150
6129
17850
1247
11012
15799
3791
8158
13213
8825
8846
13159
16735
763
2208
4530
17954
4458
16986
9461
5250
6215
4214
869
17162
734
15445
3976
14929
5958
12025
10502
2368
9691
18396
5414
10341
12891
16200
14592
4345
9376
7920
925
18555
5965
3597
3376
6727
16537
15778
6170
16963
17029
3951
1209
10696
14280
10465
15403
18058
13242
8201
4834
17350
11387
18634
2155
2905
9529
12161
9366
17236
13648
5886
8301
14806
2861
2342
1869
1555
6630
18143
2338
18576
1893
7212
631
8166
2727
7258
12298
5610
17634
5007
16658
2539
4026
8333
4916
8514
4831
1624
4631
7867
6514
17078
8185
15088
13219
6165
216
18708
1820
19102
743
18287
17725
11368
18022
1972
12860
7534
2514
17779
17055
8423
17719
3861
5303
11522
8721
13290
17601
13947
11454
15789
18951
10906
4744
11201
3088
6286
12698
8451
5020
10450
4973
18611
15397
2828
11228
342
12669
5105
16909
13588
7915
3871
15371
16311
5442
13594
6582
8057
324
16398
4167
1996
7482
3691
5725
12046
14283
12462
17494
12654
2228
7576
5878
8691
6542
17826
4305
17247
18077
1411
1545
9308
13073
16099
6071
4090
10545
6723
1520
15414
15337
6802
11510
18131
2080
2496
17033
475
182
3844
1550
6349
824
2444
5361
5131
10428
17591
8479
12628
16974
14937
14189
6416
10863
15319
7471
14388
7205
7843
13193
3118
8023
637
14083
17239
11375
4066
8832
7075
2958
10441
12625
16546
17819
13481
6687
12776
2418
17328
17453
2695
13008
12470
7394
4941
18472
15042
3479
2045
16496
15949
7106
7763
4035
8791
12753
8076
18727
13516
2933
15186
3972
2681
1183
11477
361
4264
470
17618
4820
307
14689
117
10046
4049
16665
9842
6832
16117
8581
10366
10698
15572
8600
2381
5577
14973
416
3608
7728
14804
7697
15691
15090
4895
9669
8367
8247
17905
2574
13686
16153
3208
981
123
10353
6421
1468
3303
18418
3191
14971
14677
2846
6885
7031
14260
6780
16076
17246
13997
18644
13318
9012
2718
8319
16948
1877
4321
16796
6624
11838
2152
496
10099
9162
59
4098
8287
2589
8526
3102
5675
5647
4585
5300
4570
18542
4100
3148
18399
16450
17609
1326
5671
7337
3542
1653
10478
15440
9951
7675
18267
18354
12158
18490
4904
6925
8303
15823
640
973
12840
8808
7855
1678
2807
18057
1887
8672
3798
14985
7096
8504
17357
4178
14164
17368
3307
644
8279
2713
15907
7695
9066
2522
3765
37
279
6415
7285
9863
4452
6599
8194
1794
6990
17446
1305
8240
11637
6857
7444
9324
11577
12461
6764
15310
7023
1360
4015
3398
7166
4776
7417
18008
13414
3664
9554
124
16090
13673
4115
5095
8567
9658
5930
18849
5410
8058
12163
6211
13528
4467
4746
7617
14390
18102
10886
2750
6996
16289
9688
12870
5355
9905
15057
2648
6126
18369
1203
7677
16954
16589
3067
4278
3522
17854
18305
17585
16146
12585
13592
7044
5577
15693
14436
15150
6497
16138
18645
5067
2789
17042
5031
11096
3201
15601
6123
4856
3483
6647
17081
6430
17127
10384
782
6374
15938
9260
17224
18547
14760
12054
7112
13400
7376
12231
3462
2372
15033
17952
3591
10907
18769
13471
14262
8374
2470
12454
2479
7737
856
4162
12398
13411
3350
545
8373
14816
3170
60
11699
9662
4628
6192
2936
16534
7201
18758
7872
15421
16425
4767
1690
7052
611
95
5553
10333
5384
3515
16437
4070
12626
18361
4309
15728
569
6263
16136
14824
1072
6297
2774
18090
2964
8529
1128
15383
4478
7932
10042
6462
681
17559
1865
15959
14319
6814
3958
10952
3254
7238
5223
11465
4460
8009
4586
5743
2247
10999
18256
4949
14970
7194
15477
5172
3498
9982
15373
18433
4011
6481
7830
14640
16308
12526
4919
5530
12853
17386
5980
7133
14208
10704
6002
4892
4063
235
17415
4238
13061
2769
16054
910
2321
4966
6874
11892
3552
15259
17302
2869
4104
18855
1116
15505
2699
3841
6000
10271
17886
1911
16668
17505
16769
5973
18159
11914
6168
16310
11542
16746
16555
3223
6068
10068
18853
6693
571
10635
14990
675
3898
3100
15690
18599
8257
796
16162
16686
5594
10267
4563
4267
6939
12167
2746
14827
15114
11153
7707
2838
4509
12477
11544
11627
12330
5062
11660
7238
16299
1857
14839
5515
17083
11487
12010
6360
13881
9567
2917
7843
6388
11845
10337
1762
432
6455
14874
8310
13568
4051
18084
3299
17321
11541
11870
7248
1893
2672
16783
2246
14884
15910
17000
1942
287
1090
13808
1706
16309
6408
11908
8744
10845
17703
18119
4685
711
15130
14429
4397
2453
17530
7613
2247
607
1439
9940
7453
9568
564
1830
14206
14964
14399
6598
1331
9602
7563
4414
10956
881
5189
17412
3239
792
1733
17744
5322
6478
11745
12785
2860
19087
579
1961
6038
1278
11836
17933
6808
16022
5668
1760
5271
2833
3822
874
1819
1408
17699
12844
4040
16209
7500
224
11897
8851
2202
8099
10599
1268
6008
17736
11631
8308
18734
7631
754
17229
4374
14900
9436
12846
15553
2335
5406
16924
3711
3013
11310
5538
11039
1840
18953
1495
2740
2006
3851
9271
3539
8381
7478
6133
18189
10857
6660
14304
15846
12518
2597
4873
1617
13567
1017
13090
7923
8673
9566
10168
6195
6345
14171
741
16892
7098
7988
7768
12619
2465
1122
1478
6298
17583
5281
7198
11868
9270
17950
8637
14402
17183
18422
8718
14360
8690
4666
12433
16804
2927
9333
5568
17326
15256
13553
15455
751
7172
8048
14479
14637
14131
17135
18693
12027
10776
4911
10535
5375
3098
141
5636
4188
347
14588
4918
15588
2562
2191
7848
15795
458
4604
17567
7713
1776
7022
5724
2525
11675
12813
16778
800
2624
16454
6431
9813
12948
606
2977
1803
12293
4217
13657
16823
15454
4821
9682
14750
339
12913
6396
13153
391
11626
8495
11202
4605
2107
17343
13200
16285
14627
12402
17721
3085
6386
10118
10823
8691
13359
6834
8282
4989
10074
658
1379
16377
17123
6198
17071
1476
17768
7303
17690
11735
5244
6589
15716
14465
4850
16351
21
3345
12837
10253
15300
9091
1951
16259
7739
10032
7847
2199
10962
3556
17087
11554
16350
1273
15926
6712
15513
2811
5729
24
15011
6092
17552
2080
16071
2599
13151
18948
17429
3757
389
12646
6849
10072
3673
2700
18203
2117
13184
12037
17015
18563
4637
10496
6189
4777
7946
4081
14943
10800
3813
6381
11859
18301
15858
13576
7281
16261
18709
14934
16508
4952
399
3337
672
8370
11776
17497
11989
8577
8788
13921
13693
12127
6219
10050
4655
1299
10190
5656
14966
13172
4398
1773
18317
5438
12241
8418
8133
16602
2236
7398
7090
431
2123
446
17846
15172
803
15249
15894
15154
18935
17066
13948
3842
3854
17224
11740
7961
11871
12230
13879
4132
7497
7105
12994
5746
14586
9912
7550
7210
1175
10141
15207
13729
2477
4473
1821
8534
10708
6713
13116
15961
17234
8402
6036
2306
4426
17590
7846
5943
8159
13045
15103
11352
16390
10269
3672
7911
8152
9052
13210
13587
10761
2898
8242
18570
5537
2275
10995
18172
12066
5296
18149
9425
18382
6906
14047
6726
648
18240
17213
605
11213
1808
9718
11633
16711
1214
3314
9629
18567
7464
11408
11378
2410
9880
7003
17451
712
16957
17783
18007
12374
2516
7375
14176
18139
5041
18274
5387
16848
15539
10109
17031
7599
13579
6707
8794
4012
14593
17553
13169
14168
16762
10797
3548
17551
9640
14832
1084
16487
9093
11124
10164
3107
18015
16189
2712
5354
18288
1274
6409
9506
16229
422
15200
9558
16867
2549
2003
4983
1627
8359
17975
6333
6757
17319
17891
18754
8484
18370
3555
11348
18227
6909
2387
3264
16288
6485
16802
6061
2356
12273
12863
274
153
8335
6620
6208
17610
10566
2070
14501
14366
4682
3746
2663
15643
11974
13391
4752
4473
15327
8709
4852
3800
5420
18601
14336
15058
5085
15565
2085
988
3387
17603
13927
474
8029
627
16595
7422
18329
9850
12076
10452
1413
12699
8315
6760
13380
386
19097
18248
4910
2697
17873
8756
9891
10914
9433
1810
7796
6172
976
18957
9830
18443
17082
6763
5650
7993
15430
18566
7992
17832
16876
16824
12574
6159
894
6131
16849
9023
11395
8000
3110
5130
12149
2317
14335
17842
14932
9921
14904
166
2505
17835
7605
1728
2502
11533
2533
10891
14309
3642
13371
5613
12104
4491
1895
15820
6182
349
11118
3692
15094
8582
3365
254
3158
4149
18289
1341
2834
11708
6949
15441
5246
2027
3059
15481
16279
4437
18235
3508
5069
1672
17367
9284
10927
7030
15400
14046
1514
15466
10964
4598
17823
4057
3084
320
3347
13146
9342
7127
10327
15098
17669
2634
9236
6673
18037
3442
14099
420
6952
11
4436
5110
6664
6854
3895
8622
17875
16284
4718
14098
2863
4890
12614
2564
5010
3386
10744
3992
2475
9838
4042
10522
14407
13438
4210
3599
1717
13014
16097
18439
1003
17644
2890
17716
17052
2031
12800
505
18959
12350
3848
5891
1983
2686
15611
14223
11578
16169
7775
2398
7886
16104
8650
4742
14057
12053
17138
8414
8189
19026
2612
10833
1005
85
16077
11112
8531
17508
4143
9317
12887
15856
3280
2055
15924
949
11581
12326
13452
518
8354
4715
8887
14671
16185
3142
18250
13788
8428
15633
707
9644
4803
15786
11666
10234
17267
12567
6732
749
11400
4581
530
18934
11106
16995
4575
8665
8660
7418
4094
5981
10161
8018
10346
17396
2039
4235
2212
12007
2155
10355
4513
18722
18695
17921
15661
4245
9232
3928
10343
17437
15525
10036
8742
14528
7407
4544
8450
11497
4330
11028
9737
4020
16019
19011
4851
16417
18554
206
11875
7116
16884
11353
7312
16848
6677
17757
1316
6113
12661
8681
2966
14957
12974
4708
17967
15804
15577
4537
4239
7397
12489
11648
17874
977
3517
13197
10013
6967
365
9882
18014
17739
7371
831
12620
13047
1444
3190
560
15135
7405
5407
18242
14297
3545
7811
18452
1958
2515
14196
7973
7092
6484
5141
5342
10336
779
11136
16519
6735
7925
7021
13940
195
4350
2864
14870
18437
7506
2215
1793
5627
9071
18113
12113
11439
2400
15658
10519
1113
552
4840
17045
12116
16814
17756
12099
9632
3284
18318
5218
10138
15215
17504
1272
13198
14572
8067
13960
14622
12360
10149
5261
3919
19012
16772
846
248
9482
4123
16593
7766
16168
17458
4139
11774
17718
14174
3024
2128
8661
7109
17344
2920
1385
3600
12907
1518
15807
16516
8437
10955
7505
15759
4383
15352
4486
11054
5567
13305
201
2124
17959
8008
7758
16283
2221
4876
8288
850
13476
17867
3409
18608
3838
4796
5740
14984
9913
18961
13426
9657
1813
13964
107
8504
5191
17778
17951
16106
17735
5783
1804
7658
16315
11884
18105
534
18173
6923
7306
493
11545
10890
7147
14197
4878
13253
17329
3426
12762
7836
3270
12554
78
7700
5945
14266
7918
13794
12513
3488
16401
9397
11536
7122
13988
13695
2065
14480
2799
6821
16174
8016
6201
2792
10810
13216
17733
5127
8426
8654
157
7509
3549
6883
11690
8073
3907
13312
13969
2845
12989
13903
3148
364
1768
15707
12597
14646
7035
4691
3390
128
16412
18714
4270
10175
18205
8657
4493
14265
251
14479
17970
14910
7215
13037
17863
2153
4556
9946
955
1626
15370
5810
6924
8795
16179
17019
16186
4640
1485
2582
12995
17340
6413
1710
2126
6919
4799
14690
11538
17305
7402
13204
18748
12535
2290
6040
15672
17536
15495
4033
430
2013
4589
12446
7913
1150
10045
4731
12456
3274
5011
194
7893
7313
3058
4500
15932
19100
2510
11883
4449
5441
2796
17764
14081
780
4843
312
5660
7287
6591
3163
18617
3578
2827
15519
9137
12724
8006
10312
4383
15269
15472
17191
16154
16669
2088
17433
301
17980
13575
4566
5704
4422
19049
4137
7199
10528
6328
5164
13166
11714
5817
5801
1699
1414
16768
5307
5267
11146
11014
13220
2513
13317
5238
2042
3171
14942
2122
1315
13402
11407
9990
8203
174
14933
944
4403
8233
7441
3042
15607
2134
514
2309
11599
10838
15139
13683
4889
15898
4255
7191
15774
16899
3230
16864
8231
1458
12040
5229
8763
10558
12142
3133
12469
17146
8196
50
7790
16736
12442
10133
15260
14471
11817
10893
14841
12788
643
10561
1409
14504
6769
18786
11881
12615
15792
15087
832
16460
15614
6288
2401
1292
7219
1775
14494
17211
6500
5719
7567
17408
8289
12640
7270
253
7709
11064
16150
18435
14377
6932
10424
2900
17910
687
6841
3195
2692
6030
15647
18944
18374
2025
7632
7498
5328
10889
14579
4673
15802
7177
3926
6434
6833
5195
520
13980
344
8309
16273
11969
2416
16229
1281
7598
17513
1644
8366
13203
3009
18408
15382
4082
4191
10452
14699
395
8837
236
18366
11582
3172
12707
10573
7358
2250
14404
1780
13564
1750
2717
7864
10113
2435
3326
15760
17887
2286
15620
2507
12315
9313
1265
11388
7904
17369
17009
16833
14213
14616
5434
16942
16840
10332
5736
5989
3053
6800
12070
12239
18919
14161
6216
15522
8195
3527
11390
17942
793
10407
17758
1457
12617
17498
15146
448
4776
8232
2705
5687
19031
18493
14379
11922
1065
15237
4643
16263
7151
4079
6226
4632
17702
17982
15713
6136
7332
1282
18398
14597
16806
2224
14808
460
11869
1225
4028
6365
18023
18949
9618
7297
17370
4024
6623
7227
580
5278
2343
15222
9649
10718
10534
17202
15314
3537
10066
4836
8201
2704
6347
1119
9648
2809
4215
4901
14935
15041
2745
7323
11337
7708
4122
17410
8088
7838
15039
17620
13329
11372
11730
237
13861
12425
5574
15074
13784
18723
4393
1166
10745
5255
10844
2254
17449
8404
2011
17395
11759
7865
18950
16552
4929
10653
10089
9630
4813
13923
8165
11792
3457
8637
15859
6397
1700
6652
7339
2053
987
13912
4613
6403
1923
17947
8818
529
4443
12451
1048
11169
14947
10929
18438
12911
17534
7566
4629
16752
2143
2690
5591
10971
15882
9600
2994
17692
18501
15673
17723
5268
15524
5658
10755
16891
4117
15396
17381
6089
12609
73
17158
16467
13500
539
4687
7784
2734
3278
7824
7669
10086
7450
17399
15742
9379
8755
8452
7703
12184
6684
12862
12304
9653
15230
18587
16373
10849
4754
7307
9917
943
18180
6894
17178
2280
11420
13182
10526
10630
6794
9553
12701
10439
6869
5452
3927
10473
9485
1216
10130
11240
13951
1873
12705
5695
16366
2168
1497
9351
5312
2242
11101
12180
10117
16617
3461
5525
6868
15405
8493
17576
8376
12783
14276
4930
2050
11113
3296
14754
860
6470
17780
3202
18107
11191
4037
310
14653
6477
10788
4606
12551
2157
18414
10565
15918
3289
4483
8095
6661
15586
19095
16479
4402
16297
4316
12527
4032
7814
15132
8313
3679
12100
2879
8812
3489
16508
11003
5155
17481
4156
12077
1834
18691
3944
7111
2248
7338
17589
208
5622
17197
584
3330
16695
16342
6573
1169
6964
4879
14981
11678
18341
8446
15444
15659
1721
14493
8805
15147
12246
6939
18265
74
4906
12299
544
17907
2099
6915
2580
10843
2325
11032
15630
6286
13768
9400
8441
4244
10286
11563
8320
10862
3008
15909
11080
2274
3157
14104
14707
16940
418
7393
10523
10124
16116
3421
11307
601
10601
16645
6613
11726
3991
13083
18527
17070
849
10622
17477
1398
2235
9736
9893
10080
3291
9849
4141
14828
3308
15356
17878
14126
789
6037
12757
18115
9405
15903
4334
13957
1665
12169
17378
6330
1047
8055
14132
16850
5199
7354
9560
15817
4177
7233
10804
14793
8199
12390
8395
7103
464
5206
7163
10679
8168
1022
16592
11700
13796
6338
13363
1165
17876
15752
2778
17166
18021
17651
13233
17335
4174
1471
18224
17966
3325
16354
7228
1646
7637
18381
7999
14370
14851
283
12817
8268
18331
1277
18712
1387
851
8036
14695
17692
16406
7174
12690
14609
6734
1870
1901
17687
9839
14149
12692
5224
11035
9349
14320
9101
11071
5221
15359
6674
2167
15648
4897
18625
266
2897
16545
10095
13755
6729
2437
11428
18201
8483
18104
8489
13474
4103
7629
13345
727
4961
4035
2336
16968
673
15814
18064
11324
14750
10320
7971
1441
11262
16592
12836
1123
6387
15165
2893
1688
3310
5513
7838
16173
234
17930
16670
15575
9991
3836
1435
5174
8829
8649
2616
9518
8569
3923
14403
15510
2876
18262
5633
661
13511
3516
17711
4734
14585
18412
6173
9730
6594
13933
17685
5625
495
16964
3546
6739
5187
16862
10080
12002
9176
3234
4058
6254
12384
18500
4444
12192
18300
13743
11415
3514
18136
17750
12926
14889
16916
865
1089
16970
3550
352
10063
12575
11668
915
11306
10981
13891
1622
7601
18505
1837
18083
14080
16846
5107
3165
8628
18607
16206
16456
7101
6540
5265
72
577
6032
17219
2333
11377
1226
12441
7668
18643
17872
7415
7638
7319
7329
14412
17665
3920
11231
252
15685
6809
164
8177
18508
18170
642
8933
6401
15811
17792
11410
4246
5273
12981
6155
14714
1723
14698
14340
11936
4356
3131
16181
1739
15160
16240
8049
6368
7747
1635
10628
879
1855
16149
12109
1394
16958
15902
18947
16522
1075
10921
15943
9057
8336
4672
18701
3320
7240
18337
11948
12529
1430
18870
15145
5784
561
243
18705
2281
5793
2696
1538
10520
6840
8277
5392
5152
13992
1806
6864
4241
8171
10126
8305
562
2486
4946
114
2918
10798
9686
240
2424
1997
761
15723
15068
11721
6555
15141
2303
1712
5249
6907
739
7018
10572
17383
15273
9981
975
7301
18657
15868
1451
16827
5311
14812
8331
870
5457
4533
13217
14472
14184
12702
3136
16961
2397
18830
7268
10683
9488
7039
9078
3271
16880
16080
11900
7805
6981
2550
18879
210
6767
4441
13493
12024
14753
3845
5674
6469
2165
7696
10455
15916
7921
9
4056
418
3989
10401
6533
16123
9728
15144
5748
2678
5222
5769
14234
3819
7781
7493
17037
7066
8845
17522
15095
7465
2084
9424
1114
4324
17596
8760
970
2262
829
6084
5458
8686
1279
6116
12803
1144
4052
3034
2268
11424
1100
10276
11000
3205
13814
13589
3391
11924
1630
3566
64
14744
3115
14020
1410
4763
7010
15964
2894
2404
6093
16358
7016
4540
10598
4909
4882
11645
2363
2394
7827
12141
4615
4969
17542
7725
1751
13227
10593
16509
10762
17111
5188
14710
2426
10347
14642
10807
229
3183
220
9531
15562
6117
8594
4283
4286
3938
6147
2318
7736
1680
8565
7622
5330
3554
12430
8505
17222
12685
11981
17443
9958
15838
13720
332
15929
11206
7432
17341
14470
1320
13033
17478
1028
8026
15122
14890
18378
4825
17541
2679
17707
12910
2086
6658
5960
7223
10511
15636
4021
1083
18658
12097
5376
7569
15514
6489
10087
8206
14574
6680
3626
596
2633
16931
1015
14160
6662
10425
7099
5376
4054
13021
15131
663
4484
7380
7087
10549
18470
8042
18234
13384
6962
5021
7161
317
10567
16194
3682
15829
8598
7077
16477
7008
14263
8322
8580
14552
8749
4261
12510
4249
4647
6610
12062
5238
6863
6960
18430
11210
10858
2628
16763
2691
1552
11539
16137
16750
15174
11673
14715
10447
6861
7743
3796
12004
7834
17881
14259
9114
2339
5175
3251
8124
14342
10476
10825
1854
15002
6621
864
5279
10301
354
8256
7840
10230
776
12621
14687
1772
16430
741
9564
9989
8198
16177
17132
8411
13298
8083
2073
15713
4317
3452
14053
12292
18314
7222
4001
11168
15364
18895
16148
221
15677
326
13477
1511
13123
7881
1668
5017
17861
8324
17156
916
1963
3865
10400
1422
9495
17190
3152
7957
8401
10417
3859
2289
4811
14845
7635
13915
12589
15531
7433
6829
7046
9340
4025
5595
15202
1078
18446
18226
3198
1464
16257
6963
11156
16388
3229
15596
6544
2626
13333
9103
13291
16525
16269
7076
4808
7118
15797
3584
6580
2940
4725
17570
18204
5669
1749
14795
10976
4710
1968
1709
15212
15170
12623
890
18080
15463
7266
2871
13979
4858
12793
11121
2784
5230
13726
8931
3037
13644
15985
13110
13491
3913
495
8817
15928
18348
3793
7153
9401
7657
2733
16749
7486
14831
18733
940
9468
4290
16536
12178
9438
1505
14700
16930
15555
691
7841
15852
4936
11355
15340
4823
11490
17464
14909
6586
16938
4990
8783
4999
6043
16925
17
5284
16327
847
17364
16325
6947
15810
6023
383
10058
3455
18504
5176
11990
6748
13298
6013
15190
3031
3473
14230
13907
9881
13109
169
1758
1791
1014
10388
14950
18260
15193
3081
7815
858
15038
6072
9509
6855
18371
6877
14784
7246
11308
5907
6913
18277
222
14598
12394
3168
2150
13605
71
11819
15825
14668
14162
6837
15879
16517
16056
3292
1199
15762
9484
5305
14087
3493
3099
10864
15302
1682
8576
10044
839
14868
3238
4027
2441
6953
11828
408
7969
3570
2040
18610
16128
4797
17075
10355
8719
10670
17700
17293
488
14664
15110
15415
8894
13223
13183
7735
8469
18209
10554
5030
3963
14759
8116
16917
16360
12801
9073
1991
18275
17605
16990
8072
2366
7698
16275
5117
8732
12700
1102
17256
1002
9631
14652
6725
3339
7139
18772
2759
17161
18732
6056
8705
3683
4717
8680
2209
10353
14308
2388
9130
13446
3046
11015
1461
18553
9591
16093
4992
3764
15353
17422
4237
2888
3097
18416
2948
8028
4487
14059
15666
18484
10368
3519
17398
2683
13354
10
16889
15133
10255
17306
15469
18061
1559
15917
699
16910
6183
2061
8804
12884
9867
10275
4736
18322
15860
17994
16135
14278
4665
2370
9208
1745
7591
4213
4626
6391
12098
13284
17215
8193
15750
4829
5536
9832
15446
9297
10152
2974
14917
600
14526
13240
1496
15828
12790
956
17729
57
18516
4019
1874
8706
2457
14200
4006
230
4222
6166
4041
17315
16805
9134
8478
3875
7611
4214
13962
5634
16967
2590
1796
6605
17584
16869
6053
9926
16378
3374
9314
6086
1638
10079
289
14305
12288
9959
8692
6435
6912
3981
12223
14716
2986
18325
2515
16516
6283
15070
6609
18739
7410
8571
13437
2891
12854
14226
16268
11815
17763
16449
6015
13263
16197
290
10986
3328
3576
2265
10996
12252
16806
18863
4567
7507
781
1189
18558
4377
18038
9007
2591
12253
16551
10713
9024
6118
10767
15589
5904
18334
5596
18078
1455
3851
14959
16923
7619
18177
7719
7053
259
13868
2421
5664
7134
16981
14474
2447
3101
1285
9533
17549
10662
4372
2923
16897
6411
8334
14396
3763
14559
8945
16399
4340
1162
18913
15169
16458
15500
13598
3128
11275
7738
15815
10799
10769
1843
12262
14270
4849
9721
3912
2244
11765
18730
10666
9933
5887
2382
17147
17428
6425
968
14279
13886
2780
9188
7293
10525
567
2049
8803
8098
18793
7121
3947
6887
16558
135
14726
3858
9393
8230
15864
7374
16580
15149
16934
6759
5484
12364
14862
1530
18059
16082
6501
13358
8714
4565
2883
6941
8139
13209
14926
485
5738
4169
16038
11795
13995
10019
15818
17859
16178
5225
132
14694
17469
7851
14535
13007
17659
12672
11876
4721
6672
16475
12323
7648
7083
7292
7192
423
8339
13144
10203
75
17110
14927
6571
3459
11478
118
15113
16900
2852
5889
17741
3598
16424
12139
12796
13039
7479
15511
11774
15365
7377
16797
4744
4719
1695
16799
6329
14062
7869
17277
7690
18440
11486
14358
4550
17900
9296
12549
8355
15326
5640
6862
1324
14764
5302
1295
18453
18716
5380
597
5689
16755
17482
18729
8001
14372
7759
190
16831
10411
3243
16083
8667
6164
11401
11911
14823
120
2409
16111
17171
11165
10627
8729
7870
8856
4299
5928
14215
17599
10148
13977
17366
10632
14018
17018
14367
7481
1254
7953
1275
7062
3458
746
8220
809
11763
10942
9015
5211
15624
7276
8045
8069
14829
1937
5804
5063
8065
8059
4630
16672
1311
1164
5670
452
14748
17713
1516
7144
15429
9042
17963
10403
12391
8205
6247
18252
6844
10866
10482
5571
10581
4880
6705
10250
18022
6380
5871
18154
8730
11783
5677
5718
7330
11945
9398
18507
10510
5016
13070
4866
11635
10301
12114
11796
3078
4176
8916
13159
7859
572
8102
7000
14612
18347
8190
8587
18232
9198
16550
14350
3559
18271
14211
2048
8104
7437
6815
18125
1727
2506
14288
14879
5194
10323
7626
4557
3030
11320
17271
6295
10994
17059
2296
2499
2797
15083
13131
7448
3052
2183
1969
7618
7962
3370
4778
10071
12750
2443
598
18775
14880
7640
797
11761
5889
13202
14380
11646
10279
16334
15764
2816
10506
373
18385
7909
15285
6400
5283
5129
7288
16394
7963
10656
13082
4265
4102
17962
8773
10726
6817
8826
11896
16278
18233
2939
3420
2160
1219
15840
12302
15374
1836
7586
15719
2957
6751
651
6220
9225
12483
18088
16100
17658
3072
17324
2670
7562
13241
3323
15253
2246
15747
1797
14903
2434
14114
18052
1454
13944
13100
7573
5405
17087
2566
11925
16807
4056
10188
517
17347
17295
7847
6095
12568
16871
10075
4313
16368
2991
5969
3941
9094
11474
6633
3609
15886
16860
15846
18477
18291
2105
920
15050
8208
3816
14466
12553
18749
17330
543
9773
5542
17379
7278
12463
15921
15934
11354
17845
4737
6221
4857
2765
18181
3505
12466
2149
4980
3017
5143
13397
1006
18983
9532
17394
2120
5179
501
450
861
3200
5119
13096
3089
6019
15726
16052
8051
7795
2761
12389
2643
6076
4709
10982
18311
7070
10213
18282
3593
11957
14365
6121
428
8801
1986
9670
13299
12804
13908
3851
18213
7501
13874
18028
10881
617
11431
11053
300
10162
14840
3914
11967
14185
18364
2374
14078
3415
5059
7910
4151
2302
11591
17417
1467
3334
6075
6905
15225
18522
11833
15245
8781
9780
11381
3767
622
10513
7226
6901
1192
2445
2907
11133
15244
12771
6024
2823
15350
5937
1133
989
1544
6618
7535
139
12678
17945
9120
17515
4419
8733
1233
13181
8262
16323
1168
13331
16816
13186
15880
3436
17332
4662
3890
531
2307
4402
4612
17427
888
17275
17112
11548
17813
411
1714
2885
6870
17521
2245
16859
15744
3180
184
16548
19165
7045
12073
268
18618
12544
8612
13420
11143
2666
13625
18069
3766
18010
16469
18598
10987
5066
9967
8519
4247
3974
10772
17375
18390
7193
5336
13376
13327
4699
14614
2057
10298
15994
1061
9158
4893
11556
610
7650
14271
154
12812
10766
2420
5481
1181
7821
5581
9501
12780
16880
17149
1558
679
4818
1486
4276
445
8962
2638
8291
7368
16192
5052
18763
8624
13801
14344
4680
11963
8997
14600
12957
17092
3863
14140
812
4186
554
7136
18499
16993
17100
791
1723
15937
7359
4861
8583
16151
8613
9695
7064
6185
288
10633
8827
4403
5132
12051
10092
1038
1176
17803
7461
4508
12063
12196
3661
16997
3911
2036
507
7182
8779
1008
14992
11718
15240
17115
15569
6499
147
1528
7760
14567
8043
16506
12674
18025
16887
7902
7272
13585
1077
6225
7761
16562
5378
10306
15108
7868
16204
1267
5582
7679
3840
2344
6524
11273
4093
15109
17389
4584
18218
3406
1532
12774
18100
18315
3680
9172
14351
3460
16266
1231
1337
2284
13634
16825
16987
18698
5262
17136
12206
15563
2329
15118
523
10184
17840
9305
7043
17925
10634
5462
18837
14325
714
4833
16010
9392
8407
7396
6115
9263
6535
9819
2213
13460
3960
6059
8669
2810
9656
16063
3269
6229
10011
11523
13162
12179
14610
10692
7206
5252
8758
2471
15649
5226
17829
1781
618
7015
5289
8786
8272
15298
17503
9720
2952
4996
521
18546
6640
12176
1866
17026
15705
5605
14549
7350
12033
7411
11448
18284
5151
1106
10530
3768
18937
9171
18456
404
4921
15296
6625
828
5408
18933
13385
11294
5643
7344
11551
11021
14912
8316
15683
17389
2836
10001
3303
8453
10291
17017
7363
14847
2030
5150
10908
15791
906
14915
7241
1087
2649
13678
2632
9047
12385
11877
6383
16193
2294
9156
16294
1698
4068
1179
12057
2634
9722
13769
8167
3900
7880
13950
14809
16972
6956
218
6670
10821
16201
9578
16028
9343
8241
12657
1827
12415
9544
945
3340
13716
7054
9547
18323
15004
8508
2844
12074
12241
5082
11091
14995
5503
10466
822
12436
5811
16751
4784
11409
6284
14323
15368
13982
1872
17630
11691
7892
8959
4869
16057
8496
4284
5584
9766
3237
10667
5093
7488
2461
7235
17668
7366
725
14838
3108
15104
1659
3740
1995
3068
14306
10179
670
1633
19014
15958
6520
16199
11809
9906
10007
18221
13560
7250
14012
10461
18836
10374
5449
1402
15851
10748
8491
12835
12327
12081
16341
2059
8263
19029
18932
16340
3226
13120
10025
7818
11429
1629
2352
1322
8457
5173
3178
12761
1004
12665
5399
15029
13023
7117
10947
2694
14789
15213
7831
13715
7086
13791
15965
8419
12563
11520
3963
3221
14686
470
17036
15925
1764
8131
10035
2527
12491
16404
18956
9576
16753
8777
29
205
6995
5581
11695
4755
14855
8157
9434
7951
2201
6097
12313
4
8737
7568
309
7652
8427
12087
5446
18459
13292
4061
4596
9207
10283
2137
7102
7006
18660
8265
6101
13633
14287
10911
8296
2004
15047
18958
18474
2709
6607
12079
15278
15474
7899
6141
10605
2267
10644
3544
8536
18313
15201
1833
4723
15459
4045
2935
1862
16826
6424
16198
7745
175
14209
5731
12503
12732
3547
3114
696
7975
15675
10721
16588
2217
16465
12607
3518
2877
950
4074
1768
6884
10708
15134
3474
6679
16092
15770
3777
6527
10666
16015
3552
3118
14097
8005
15682
9829
6363
2671
14190
13093
10351
2557
140
12868
12209
15198
986
14679
9788
12563
1376
12389
4536
3921
2218
9672
4927
14626
15254
6048
11636
23
17174
6845
8617
10583
8774
18784
3145
8764
7871
18303
15060
14928
11473
6184
833
3086
15301
6005
6528
10576
5305
5425
8103
15722
6721
4512
4461
3834
9604
17125
3464
10024
4475
4696
843
13894
2478
9650
715
6454
6135
17923
2269
14268
1373
3454
4617
18572
10174
1501
18524
2579
873
7451
6785
18834
9163
14786
16682
6559
17452
15680
16046
14430
6362
8591
14086
16984
18450
6900
5275
11394
4988
8200
16088
528
4686
17241
7654
7515
295
13488
12125
11214
11889
2532
8726
2951
18920
9247
1359
16263
9606
6385
12748
961
8041
3153
2250
12321
16771
14337
15939
453
385
1456
2459
17139
3092
6671
16139
10238
7462
7681
9090
14049
13502
10533
1543
6826
9822
441
1139
3620
10395
3061
12286
1980
7195
2504
2788
9175
4335
8142
6622
4548
1145
4314
13221
1101
13479
3955
12006
17400
8629
7995
15443
4683
7674
5144
15546
47
17194
335
289
4984
830
3747
15761
9814
15714
1415
9927
3862
4117
15328
12412
11296
17096
13790
10654
12739
14354
3826
935
18495
18091
6011
8237
32
4733
11854
7423
2889
9565
9930
16188
2866
9422
2103
8213
13926
4040
7187
91
4899
10915
14893
16348
12050
10338
2315
16260
8830
3196
19040
1512
7177
10880
18429
3962
17436
8356
14799
7445
14221
17180
8385
12365
11954
4361
12601
14807
13286
14348
17457
10282
16160
4428
7473
8920
18475
12660
15646
16190
4506
17913
1716
7964
2405
11983
17335
12323
18363
6198
16573
8741
16400
1717
7664
126
2812
11885
17163
10030
11131
4014
15171
6336
11782
298
2901
14491
8488
429
5204
6824
4226
10620
7231
4948
16105
16547
7940
6602
4826
2288
5707
15115
4061
9183
1374
936
8462
7668
13005
1769
10097
9534
10091
772
6426
2052
8317
2637
4462
8965
76
9116
3817
3557
5472
8550
9325
1789
15780
14444
12634
5747
5022
1307
5796
18352
18519
12590
18565
18531
14050
171
506
18153
5424
4568
10904
1815
11077
7974
999
3137
14963
12730
18445
14204
7447
10925
5180
3998
6722
7267
15467
2090
7976
13518
10460
6250
5576
9279
1976
17984
2229
765
5720
8378
8641
12194
1137
12937
3298
14980
16879
18194
16474
8765
14683
8554
17519
53
5431
156
18595
15210
8548
19026
8465
19008
2177
3774
1029
11455
5897
7289
12031
11056
18089
17002
3540
13326
6471
1330
18030
11893
8499
17041
15248
12741
18985
17060
7691
4205
18469
18549
11953
17961
10592
3605
2511
4459
14568
14188
659
14473
5426
1187
5938
15426
6311
4625
10851
15228
8545
10512
1981
10697
913
5290
12697
12566
6545
6174
11331
6678
8568
11026
17226
13304
12446
2642
14159
13444
9502
1265
5461
7148
15836
13931
9029
5112
8249
9370
15960
1724
4846
2744
13883
1831
6978
2501
10953
16949
11557
5374
15561
1882
5137
16317
1240
645
12770
8444
17754
18099
11722
15061
11105
6825
15832
9395
6293
18079
6766
10586
15697
2350
7771
4048
5166
81
15015
16114
17639
2079
12930
5335
3988
6153
6468
1741
11816
3319
9292
16234
12111
6989
2989
10621
6969
2749
4078
10098
14982
7011
16389
4352
2573
9210
11107
18571
6458
4405
5954
625
1242
10552
1951
14848
5597
5915
3127
14945
17294
3466
7470
4943
1900
9280
2625
14649
14198
2413
2620
4815
2914
18764
10601
8596
4756
15192
16124
12285
18666
14745
12132
8996
14229
11835
15281
1237
4496
5534
6405
4880
3119
4092
5351
18424
4971
16392
17419
1911
62
15470
10732
1045
16443
16784
2607
5337
14147
2563
1711
18718
16233
11224
13018
602
5168
9774
773
16809
2943
2961
7956
17043
16971
2741
17248
10723
18095
7826
7435
5549
1076
5298
2166
10940
740
813
18370
17915
14343
12205
15755
11736
9884
18462
13199
5058
7644
11029
10770
16187
10531
10421
3302
3603
14558
6938
18320
3931
2672
18383
18404
2701
2198
2822
8528
18081
8258
1657
1703
11532
5710
3477
4140
7850
130
80
5247
18602
16463
7612
14551
1481
13360
15787
14719
18309
13649
12718
2558
7560
7129
16211
10094
3014
3942
5603
13177
15642
16207
4138
7984
17529
509
16281
3829
7474
2186
7032
7979
1359
18384
15227
4212
2767
8229
1098
10747
9513
13332
10722
2676
10619
9221
14177
4555
14757
15601
7977
17059
15168
14371
2383
14330
8369
6406
17717
13534
9521
17153
3801
5142
5698
8253
11739
4622
8855
17539
12247
3259
10874
9478
11613
1477
15097
16426
12229
10310
11256
18286
3922
4498
2813
17433
5473
10916
11173
10834
7239
17130
3964
11201
12993
18778
6446
409
3979
9587
1675
16587
8393
10085
9355
12398
5294
1300
18940
18079
13265
9035
8250
2116
1298
13450
14376
7305
4650
13134
7081
96
17095
9230
8010
13036
15874
2276
15071
18670
12093
15257
14474
805
6107
7524
9569
9875
14779
14124
12345
1999
2623
14112
6786
17586
4386
13175
8813
12695
8555
15379
17666
17912
10055
2166
3525
8695
9701
18700
13461
17781
12495
7633
17814
9463
1864
15209
14939
15401
8429
4287
18350
14074
817
9174
18795
11923
4227
16891
2171
16748
17774
2492
5686
4293
2970
5393
14065
8802
16754
1400
15064
15485
12278
4926
10694
18257
15578
7019
10379
8833
14771
6754
14733
8251
4601
12152
11654
4067
4592
6179
14448
3874
15559
18228
4774
721
18106
16109
8395
592
13417
9140
1306
15024
13919
1447
15375
15006
12565
16083
6275
15733
15930
18897
17616
11960
5421
5409
12516
7844
4149
4707
4769
11287
17660
17170
11020
15080
14427
18952
12423
9453
178
16429
18208
834
4883
16785
5005
8354
8112
565
18687
3179
18254
5359
7582
4675
7351
1227
6592
5050
12733
8724
2763
3405
16386
1223
15205
5585
10349
7876
12083
16183
16538
897
10518
2314
1483
17010
15398
7620
18031
4682
13890
7365
5025
9383
14303
9519
5609
12925
11295
16163
11318
15866
5522
7508
4327
15695
16577
4243
10830
5084
515
12179
2447
13238
2762
2919
5590
3535
16403
16065
10380
1469
5773
3487
1303
5558
2114
16847
12190
2414
18114
664
9489
203
3305
18622
13521
1057
855
917
1404
16530
10339
9999
5495
12704
1531
2604
4749
2915
13611
6958
5015
18461
12548
17206
11013
11413
16836
17257
7655
16170
1924
4740
16095
4152
6190
18423
11639
2440
11826
4764
9419
7179
1957
4150
3876
10970
8024
14088
15482
4822
13432
1473
2423
14155
18093
7349
5596
18939
2665
10575
3104
3966
4302
1010
18006
8040
1249
8383
4661
2234
4561
2015
9748
6752
15203
15342
14307
4997
14136
8670
18297
7780
14275
10822
13293
16477
18656
15290
3445
603
15018
12028
13578
3881
4172
10876
15792
4607
1970
11489
16305
8820
18689
11366
13208
5485
4100
3939
678
18448
12580
2569
15863
2487
7551
8264
4726
10590
8125
7594
17121
14908
1375
17510
18515
5617
18042
18188
12920
536
11550
16907
18648
4196
14944
16321
13330
2531
5364
2706
14769
17273
12164
6589
3275
6271
9419
10848
2364
5362
3852
16290
3162
10603
9462
16843
15827
736
7718
8657
10292
3156
15781
17983
8123
15610
2578
4097
12068
6511
10828
15376
19009
9846
12437
4126
7529
11731
5594
1763
9407
15402
1492
3143
5489
16557
18343
15586
3222
804
3770
13347
15247
3402
16745
2047
15343
10038
3835
17465
8928
6444
2773
4266
13751
2071
3416
18062
18864
3187
7336
9938
4576
12064
1842
13230
7549
294
7786
5415
5860
3116
11092
4535
16434
11892
5692
11017
13308
10259
12056
9878
16761
6866
14689
10031
1941
6948
12690
2083
3948
8552
6472
15988
18827
5184
11447
11805
17015
13324
3372
14651
138
7906
2282
2225
10324
18496
13272
12582
14194
13489
1470
551
4379
12772
8853
17011
5299
16832
1208
4004
15286
15337
9755
440
15585
16849
9955
10507
9013
2256
15451
18098
18335
2379
9797
8632
17883
10471
16815
1412
10280
18056
9661
18182
4868
13604
16059
13991
2592
14384
8390
15592
16130
4932
3423
863
17645
14526
5882
3204
4667
1380
17924
12677
10016
3503
3891
11048
18857
12047
11051
1284
17299
14952
9924
299
7540
18402
14723
1391
415
5910
6807
4644
4684
7126
4545
7783
16485
5167
3232
17848
2081
7545
4189
18222
697
8727
1228
18441
8239
11904
12878
2295
13651
7812
5365
8776
1517
7203
8739
4260
16159
11511
5666
8145
5327
2928
10712
2503
13976
15701
7271
8824
9528
17573
11716
14382
14905
15579
17116
5360
9965
3207
2425
10197
12587
13364
17304
17587
4759
3523
18589
15612
8086
2255
4841
4083
11342
7033
4885
6128
757
2771
17941
6675
7800
17348
14704
11388
12238
4169
4134
1823
15872
8525
15583
4288
10319
1054
18466
7132
14614
17677
5296
10636
14216
9031
18526
8082
13528
18033
6955
10972
18731
2805
4510
15668
2981
17967
753
8590
11594
6529
3457
10805
6007
16533
4555
8828
9636
11393
2075
1263
16331
15456
7741
17796
17642
14084
12712
2014
7490
688
77
4636
827
4859
6160
6681
2719
16994
810
4289
895
6731
18068
13934
6980
14834
12356
14134
7615
1742
6579
15239
10077
2054
3782
18103
18087
14924
15681
7938
2434
12727
13406
2046
12120
6632
6150
15294
357
17740
762
7251
3892
5876
5198
9044
10659
1356
9115
5933
11207
1396
11418
7494
4800
13314
18591
4641
2656
8743
12153
7717
9552
9971
10897
13697
17852
2583
18013
5777
10624
12881
578
14857
16918
12088
15715
18344
11309
18688
9702
3475
2408
15901
17868
6629
5885
1519
490
737
17240
18117
8181
17372
11609
18230
3758
13279
6522
10196
1863
4170
15453
17547
9389
3453
9555
4206
2396
16227
1839
3448
12427
6109
4409
3294
5507
16774
14991
7636
11038
6191
2353
3948
17361
9898
84
9421
9299
2931
13937
134
8621
8782
6835
6628
3394
1127
17977
3657
8748
7540
16031
1055
15016
2035
16113
11585
14389
8865
476
2620
16901
7040
692
8842
15503
5978
15714
17442
4095
1197
18997
13916
9180
9352
4060
6467
4096
6872
18781
7791
5227
13243
10285
2361
270
3216
4005
17693
516
14734
5792
9272
17233
9552
4953
15041
5033
1894
7937
9318
1369
11837
15156
9729
5915
10515
16440
5092
16837
9514
6971
18054
10650
8186
6285
6494
18168
2932
17760
8409
1713
11100
11619
15151
2149
6654
17128
1881
15333
7295
12829
18649
18299
4519
15730
2354
12546
4455
14768
6105
14692
323
8510
14150
17911
2349
7283
14038
4974
11890
4668
5662
8382
2675
18178
10664
16881
15490
3651
1515
1351
9668
11984
18639
14875
17476
16481
8421
4463
15626
15381
7621
12371
13917
17124
2673
18040
9974
11593
11086
9070
6688
15953
1433
15493
2641
3016
4063
17749
4155
9727
3953
492
4995
4671
10796
15734
358
2009
9057
2069
19010
9391
2050
2995
5321
12900
12284
3404
7245
17279
4050
3111
13700
1920
8396
7849
7167
12744
10784
4624
10787
388
5642
5881
3904
6427
951
1669
17502
4397
6437
5679
2855
14822
14345
15107
13682
2723
15688
1755
17056
16813
7872
151
8380
17794
17815
8703
2853
3414
15977
1814
10997
4553
18791
7680
16298
1734
18745
3604
2572
15385
5466
6268
4345
1907
2007
6812
1835
5193
422
13313
3495
13681
16397
8299
12639
5079
2575
4225
6475
12378
14810
8062
17565
18665
2305
5781
14484
6502
7269
9935
537
18421
2368
11313
11705
9654
238
16973
1026
12666
6130
16213
3123
8521
11946
316
16471
11581
3582
12852
15251
2172
4531
5406
434
14722
3709
17142
942
11775
15899
11363
4145
3184
2275
2316
8859
8294
1897
1474
19089
825
9687
2892
5931
4362
875
4867
6512
3140
16890
18245
9922
3997
7175
10989
16834
6556
8857
3967
2561
2908
17376
2433
6196
18939
14818
744
1059
884
1697
5884
10217
13251
11380
7959
5678
17830
8524
12145
4380
15050
1557
8013
6122
17254
15617
510
4275
5102
12794
10609
11997
15163
15390
8162
17943
943
12355
1852
8394
6593
17269
2082
8285
929
2921
1990
7404
15518
10840
17455
2757
17893
3828
11297
15098
7584
15152
16985
466
7140
12876
6492
12820
14411
15279
11679
5601
12746
7536
3175
14713
376
4224
16369
16165
9460
10923
4678
15224
18046
4445
6209
1731
11007
585
14459
12756
8314
12736
11444
17310
14819
6006
5115
18654
12511
2875
15075
17057
10975
676
13595
2584
2278
17798
2357
3328
1492
5925
12596
6317
9334
14218
16906
4442
3080
12928
6865
820
10546
18509
4303
5428
15072
18990
1310
2089
13956
7434
1063
17066
14858
9633
17450
13744
11171
1104
1288
4863
2999
13482
6526
12754
14746
8128
17958
1705
14108
6509
771
13001
2191
4824
2087
4963
6936
18486
5388
2288
2458
12
18251
15099
7416
15635
6432
12954
15252
14702
6797
16318
6372
8785
1978
6576
6926
6561
12034
4432
6504
10093
4218
3135
10328
7162
1641
1086
3285
4891
7386
1973
5363
17986
16
14906
6525
6
10404
8712
18070
12524
8341
8789
313
12573
6441
10606
5257
1079
1190
9178
10853
10189
2028
17189
6100
18530
1856
13270
1679
17637
11622
4000
1838
8541
6568
16226
898
2960
3581
2992
14835
6146
188
16756
16237
15813
745
5686
11033
1546
13725
13126
6495
14797
2895
18552
6466
4716
8606
7247
4396
8054
8717
17604
6110
7221
8235
16518
886
4600
3047
18388
954
15627
18448
6566
1508
1033
12014
11343
17094
16542
18692
17885
1184
8038
14558
4185
4108
5586
4404
3918
7196
11325
15026
11680
7056
2415
1243
5645
15489
18207
1241
3802
7577
8079
17134
8729
16155
2902
14852
15837
3511
16835
14314
7401
18488
8405
4193
12536
15581
14163
443
6088
3970
5909
6719
4954
494
1487
17908
4981
14421
15779
8344
18026
16014
18419
7457
8618
18517
11753
6902
2063
4160
6563
1193
8449
8330
6549
7578
6246
9080
19093
15725
18636
13357
16332
19093
906
1722
5722
17384
13945
7756
8877
891
16414
18206
3771
15981
17992
2610
749
2128
6908
17352
1730
15527
4950
1950
4346
3967
7294
10467
16765
3995
4039
2297
14766
17916
2938
7997
17020
18198
10702
6087
3419
7978
12901
6389
12437
1046
12603
1064
4490
13351
17363
13067
5802
2426
10155
3965
13470
9574
10563
824
8860
6840
17261
5318
1787
2384
16349
11752
1085
6943
969
11085
17937
12065
3832
17467
14836
8549
5502
15529
329
1252
918
5270
1009
15036
1235
16912
5949
8197
12060
10446
13738
17833
12805
3252
4942
2969
2044
261
9805
8225
7602
8652
11947
10487
6507
18704
16927
3353
14641
10854
6856
4642
1529
7391
17088
12373
6728
5396
11419
3173
6187
3039
4406
8570
8731
15409
535
10737
13609
8927
12195
11962
7819
451
10295
17228
10422
6519
8982
11677
17040
17495
5338
11744
18219
3449
13785
18777
6957
14773
8096
18646
3049
14540
3786
15622
13727
12632
6399
3833
16313
5550
10963
1696
16457
18212
6429
2959
15603
6465
6944
