3769
14915
4175
5550
17713
7104
15065
5222
4567
18309
3215
7960
4197
15773
8535
7792
1799
1514
453
8102
18082
12840
5516
5257
17187
17961
5206
7014
1982
236
16303
3419
15552
16085
14016
3159
2821
6134
4781
5172
7166
3799
14811
4203
8458
17304
4321
7248
13361
10478
3350
17119
16773
589
14244
18659
4185
899
12491
15195
18302
14757
10804
14632
3416
11407
47
15008
12164
6749
8649
17806
3828
2165
4990
7941
2169
17452
2682
7942
15830
3117
6867
7876
17592
2358
3367
6186
6302
4359
17302
15740
5737
801
18090
6535
5434
16618
15827
408
18533
15210
17830
8445
728
6520
6571
6715
7377
1036
9805
52
7147
2091
386
7076
6700
7242
6837
13104
2363
8623
16594
2208
6764
7825
1768
17434
872
6927
7325
6875
4259
151
6075
7384
8237
9886
1722
3494
18445
18329
17422
4242
1049
13460
2846
6643
7756
1756
2952
2413
1012
12647
7201
748
15596
17637
5452
15386
5228
7456
480
8186
15284
10636
1707
16808
7715
9950
11401
17315
3359
11644
2417
15487
18667
425
11393
12314
7572
747
7168
14821
17644
7190
16158
2188
8442
2393
9476
8696
671
244
6401
9606
7138
13980
15372
395
10794
15749
16938
5556
7962
12601
14451
6330
15690
5176
18288
1256
4266
8412
255
7579
4244
8016
12285
17883
2387
16102
18225
13396
5224
4154
4098
16221
15502
2553
1517
16022
7878
17299
16145
400
1017
7309
1923
14663
14950
9849
1356
1284
17268
7277
18431
18545
6260
689
4241
17165
979
11728
5301
13196
17
1147
14312
14224
5355
17729
7918
13853
3953
1203
12711
120
8076
4856
17224
13010
3132
6767
14875
18631
11833
8388
6107
1516
18983
16287
13402
4927
2681
2414
5360
6917
7291
10333
10673
341
7089
9964
15159
6313
7305
7723
15402
8572
6139
2503
4164
7577
11888
8742
3844
8000
80
7478
4479
4628
3520
6748
13415
8407
6838
9551
406
3489
4392
7396
18415
6342
17514
16099
8401
8314
17018
15459
8612
11408
178
3853
17139
9667
240
4397
6056
10918
12054
8718
8070
5878
11837
6154
7348
7985
11908
7834
1700
6387
652
647
3444
1691
14
18580
16178
606
1304
8537
17170
12281
3368
12869
7548
3094
14957
10059
18648
12804
7217
701
7257
747
11796
16967
6758
2592
7117
8725
1140
7673
6381
18554
6986
14430
7920
6294
17784
17416
11743
13181
6952
3252
499
3771
17916
3236
11935
7200
8814
5455
4138
5024
6133
16556
16425
14637
14591
17137
10669
3814
370
6377
6125
6713
4596
6573
1047
17009
7204
17157
18025
15247
4345
7174
10214
4467
3551
22
17532
1276
14133
8400
3195
6750
16
1274
3042
6366
8813
17140
6438
2404
8633
14934
7979
16953
16170
501
3973
16225
18340
6454
16349
13491
2144
18999
16477
5693
977
3609
14828
17278
17166
9477
4642
8187
4288
10914
15459
15244
4315
9940
2241
3272
17935
7234
8228
7072
2597
8661
2431
11208
4569
3787
4690
6766
593
16406
4823
5646
543
175
5123
4122
8270
3648
3206
13654
14528
5931
7297
16968
5414
2250
11699
15530
15979
2376
9981
14621
15527
1687
1721
10733
12151
16533
10451
12532
10259
6376
14649
15857
6970
3097
3486
14861
2344
14170
15581
6306
7197
10997
1873
4554
8439
3819
16981
15714
3452
1120
5946
1351
4078
1962
18054
2899
17126
4225
8452
10210
5984
15603
17427
18413
13356
17660
16781
7178
6771
9775
8003
8169
8737
4497
12207
4252
17167
3352
7829
18476
5316
3963
2497
1177
3176
17003
2150
6186
15403
6189
18050
3378
10001
17019
616
7523
225
714
8667
267
2262
931
10729
17881
17353
3830
3211
8640
2246
1560
16869
7857
12970
4156
7103
6327
13910
15549
1800
796
6974
17162
6011
16515
17198
7050
17180
14657
17345
2084
5979
3801
37
2883
8613
1793
16552
7809
7240
5725
10260
7660
713
1102
4237
5418
11843
1540
128
17657
8392
8720
4048
17238
16950
723
13955
2174
5915
16571
17361
1199
15811
6677
18522
5637
1725
2437
5306
18467
9903
8301
172
18407
8310
18778
981
7424
11569
7289
749
15777
11356
6073
2824
16189
16268
8553
6095
13545
1861
10150
2754
273
1301
16839
17609
12585
4629
118
7954
218
6470
951
54
2637
4294
542
11984
17785
16858
17764
1473
4292
304
12354
15089
5448
3982
17160
12729
4360
1153
1825
71
5335
3937
18954
4191
711
17882
793
3517
343
7011
8250
11944
16175
4601
13090
15852
200
14699
3003
11680
266
776
17161
17323
10660
4607
8366
17814
18349
354
383
7211
4722
7477
18373
16875
17857
1670
1174
7219
6039
4142
14644
4583
5968
6812
4267
4982
6099
5001
173
988
16824
7352
15037
1704
4576
4421
16363
18443
16016
1518
8632
7335
3659
16863
5539
8461
6879
2932
7874
14474
15576
954
12205
2051
8443
9417
15176
4221
7035
14877
2837
12003
18581
14876
16269
13326
12743
2185
1899
1652
16159
4989
6503
15643
6136
580
13997
9281
6889
2795
3925
16284
5034
18691
564
677
17778
14873
7735
14679
7126
11389
17129
2060
10769
12022
8710
6656
12086
18118
552
16441
6185
8494
546
8104
8562
1104
17144
1221
3910
10925
18708
4372
82
8077
11410
16977
3611
833
334
11946
171
4123
6722
2527
1945
17189
16598
11890
52
3893
1391
6806
6106
14797
16240
7191
16789
2285
1488
3340
2516
6872
2642
568
2996
16104
1004
2807
4516
9925
14114
17998
2401
1365
7374
16116
14767
16502
16186
7966
6085
17742
5218
16917
1000
17909
9868
17658
11662
2006
6778
8001
4145
7908
7205
2201
18835
2145
6001
9833
14812
9181
2009
17222
860
2107
957
1921
6626
4597
3150
6058
14404
16383
4168
7791
1733
3792
11151
4466
5273
18282
6003
6746
6071
2183
18054
18589
447
8249
8457
16959
3336
4703
1168
4995
14731
2047
1322
7038
6987
4303
8777
17194
1218
2418
8694
7482
7529
4674
17514
15788
5948
4110
14507
10151
2792
5499
7997
17116
1216
14033
4777
17459
5342
6461
8048
710
3164
17443
15485
246
17957
3930
12774
174
379
6398
899
1730
2249
16648
15684
6985
8028
17317
7294
524
8580
16582
9236
7832
6790
14849
1475
16483
8223
5312
5914
758
18671
12153
6114
11941
4221
920
7255
14433
14837
2086
17123
6600
4879
991
10041
3238
7488
5585
9996
8434
14620
6473
6080
8029
6387
16146
1348
8030
17542
414
10054
11090
7888
6960
2350
4226
2166
4975
2320
1225
7661
18660
7894
26
7880
8472
3297
8109
8438
1163
16600
2442
12814
10876
18465
327
11577
6160
11995
7864
18699
18079
10968
3654
4324
1372
503
719
1692
18197
10010
15590
6751
2998
1636
4658
2120
13422
3868
16209
12771
5210
18139
2697
486
2749
17983
3918
8218
2399
167
6175
19014
17585
9035
15395
2993
11875
5609
1053
6283
17956
8327
1375
7143
3331
1742
4599
14252
7621
18238
8491
6066
15072
3116
2547
8708
10799
14806
7359
6126
18758
960
4306
14802
17997
16371
3994
1862
17992
11089
14880
2978
7883
6322
16175
15003
358
4041
15861
15006
17286
814
7101
5325
7428
6857
15804
3203
8308
17774
4913
8929
13741
13932
11685
5421
15745
6895
5131
15279
1048
3434
5595
7731
2562
3153
4723
2758
7221
16573
1688
10
10700
9637
4688
6592
427
987
7517
11809
9848
14461
11170
8156
7566
15238
7738
12423
5168
4204
6791
10744
7182
9206
7971
17794
9803
6286
5155
98
5675
851
1178
705
12710
12273
1125
11540
617
6285
4023
1965
1021
12409
5729
18284
1457
8647
7732
9280
17582
9663
5457
12755
7716
1259
6864
493
2520
7209
1826
7839
13934
17043
18657
3904
1003
586
2482
4524
6762
6824
2013
8299
17401
419
1720
17477
1063
6922
4144
11125
4279
10244
15346
1041
8619
170
6608
1024
6439
950
6611
15532
10816
8819
4761
545
2649
8253
6251
2347
14249
7233
913
504
2502
4571
7851
3902
7726
14715
11787
18613
18499
11730
13873
8014
15469
13177
9543
15803
2025
508
6939
9263
14630
17295
6364
15185
15266
13391
1219
17250
6086
544
17804
14843
14800
4891
14394
1240
4650
7814
2295
6216
8599
7362
1710
4273
962
2195
2209
898
1244
17788
1287
16442
8402
4517
356
3146
1181
975
14976
4166
8539
1209
1764
12845
15297
7268
3874
8064
6346
2166
4350
10698
15083
6002
5363
1386
6994
8269
3970
6484
2160
1885
18159
6913
6964
16876
8700
3293
16908
19064
924
13931
107
12780
12753
626
11447
191
596
8034
4468
18110
444
7177
7683
1788
2037
6265
76
5633
12150
2386
15709
13360
17181
11114
2136
5498
17885
14293
715
8124
1803
8238
10208
16759
16897
18470
4187
7591
5397
578
3934
17100
5671
1673
12548
587
1827
301
5967
17868
1955
14888
185
10453
326
912
395
5915
376
876
6155
13187
17421
17848
17177
2130
14801
17176
6907
11064
1183
17832
17399
973
9453
648
15194
11381
11405
10672
2093
9371
18617
7192
2622
2416
2018
4499
5476
17333
575
2237
791
6227
7361
548
10964
15367
8497
8957
15701
2050
5538
15553
3544
4582
8189
14061
15957
15060
15462
14054
18277
10823
4106
8261
3090
10011
18622
7820
6027
18988
539
903
6678
14466
1226
18717
2224
13716
8707
306
1194
13264
3964
12672
11634
16255
2192
1919
7785
10890
2471
14685
2036
1877
2951
17758
4169
2456
12723
17725
7504
17736
940
4660
8376
2005
7769
17093
18746
217
9695
6165
751
2876
4217
17138
9164
17056
11638
7479
4104
1029
11411
3462
4445
3141
332
6371
4778
4710
14580
1757
8040
16428
5485
4251
5749
17627
3169
18432
14889
308
6814
6568
17685
2392
1388
137
3839
5652
2904
4501
1970
6422
4800
7871
17234
10326
17816
7698
16114
13035
5220
1412
9
5081
15685
12776
12035
4240
5231
6718
4205
2157
17283
270
4075
2573
2462
3436
8513
1504
3295
7671
11396
17135
1265
11104
17653
14331
1230
17053
1866
2813
15525
11949
6140
17047
4702
3845
7260
3001
18055
15010
5083
8168
6308
3943
17045
7848
706
7223
16775
18157
17624
4544
17766
5445
14305
18044
920
416
11111
9519
15577
381
17206
6860
7458
14974
5373
18607
3064
6870
18609
8291
8
14789
429
13788
17947
16247
13249
16458
1468
7346
4281
8381
2021
5071
12676
1116
5117
2615
18030
10862
2560
1083
7766
18015
5908
7965
6132
17593
4309
4336
18228
10560
1976
15211
8597
16946
14952
7601
6087
5558
1644
2504
42
14752
6168
3011
792
9716
4481
17604
16663
14129
2641
5393
8348
6810
4672
8330
1674
8544
3360
17650
6141
1689
6946
9397
8082
14985
6263
15677
5443
11626
2671
17256
15573
17573
7755
15202
17211
4724
5270
8429
738
17067
6477
9891
521
16890
17971
7021
6649
4725
415
13566
8209
7342
4595
6037
190
7037
4333
14250
2069
6466
5469
16907
14834
8533
14724
1100
3795
897
658
7004
8659
8218
3924
6241
3263
7795
6948
2578
8120
6890
9808
13609
14609
8055
53
1771
2035
9309
690
15237
2515
10701
18399
517
14161
946
1646
1013
10513
8428
7288
250
1010
7259
17255
1731
5012
15125
387
15637
1896
13
4337
5126
18292
3826
7709
566
15272
784
2463
18544
8757
877
2114
14138
9028
14171
3809
17787
876
1515
7808
18225
6240
17397
13937
6609
17603
16978
11433
15666
18370
7135
12214
17193
4274
4147
269
4345
17347
777
7706
7816
307
14192
10250
3335
7774
3432
6435
5291
14621
17158
12194
12696
14799
3045
5564
6167
1383
8120
4073
2826
9393
7341
3782
4729
16075
9873
17163
7940
11487
8675
14301
7539
6614
10774
18331
6655
15928
15022
4284
3378
9662
6680
8415
5199
4035
13593
1022
13021
1277
4305
14099
2543
8253
7333
1091
3314
4395
12662
18042
3785
437
3912
3597
17884
18359
6728
17930
4067
11871
632
7321
1845
5223
12399
2908
6847
3318
6859
8437
15189
4825
510
5512
13211
2142
1270
5475
8486
1811
8768
5572
855
5038
6514
14904
3241
1892
87
18153
5420
5549
11587
17326
18790
4330
10055
8775
13930
5505
15992
289
11204
1089
15276
17737
9882
12618
1488
4475
8697
6102
7724
1280
12576
16188
4573
2967
6625
12020
3927
6908
4354
5536
402
5974
900
16237
6965
956
14902
6739
5091
2653
7563
18798
12120
7991
4230
14969
11594
4068
1666
9927
7898
1738
16606
19004
7307
2080
4186
14273
6360
17211
4961
3171
18406
932
2203
765
6788
18556
4684
2368
6988
6326
5260
1305
6932
16366
6244
11105
2891
7950
1681
8467
569
11929
15624
14050
9223
15844
5344
13755
6302
138
17982
14610
4802
3878
16918
4331
4644
8207
14718
16853
16087
2515
12517
4271
13237
2863
18552
6665
15996
16931
4052
4265
10065
502
16899
14966
11457
17337
12878
3767
1859
17221
18446
18990
15186
5876
18705
7847
40
14846
4654
1925
16298
3240
14751
5798
1379
1697
17393
6352
16213
1237
4014
435
17458
14232
17143
10481
2974
6
4553
3341
1361
7340
10864
17475
4611
8565
1995
2103
2067
3816
2562
2588
1050
551
8818
1427
12707
3334
2163
16030
17376
4019
18484
12187
15316
13883
5612
16509
7069
15163
910
756
1009
13298
994
10819
14449
10806
2861
16080
6184
11682
10740
8394
2366
14045
14960
16766
1323
1376
1961
15224
8615
5757
8273
808
8061
248
11425
7580
18223
14820
729
4809
5380
9795
3498
4733
14418
3385
18541
18391
196
8485
18483
16387
18245
2187
18654
206
13967
6882
7332
13717
5617
7122
396
2273
13081
2699
10465
4435
15155
309
17855
6981
15698
4371
7527
3796
1649
3230
4271
490
16328
7953
10149
2049
1059
6489
3175
16243
7433
13322
4220
7007
18463
16540
10401
7867
5269
2941
133
1274
5145
6946
1303
6622
17284
9360
8122
4219
18330
13936
1792
18474
17739
1964
7404
3448
7547
15468
7651
6973
4120
4426
871
1849
8250
3048
13801
11612
10755
16190
14944
7749
14390
15080
14879
16912
18800
6706
2123
6146
8307
895
4084
14530
8528
7610
14654
12015
2100
6732
1360
4925
18635
3780
3999
15554
4153
8246
13441
8453
18374
1372
16965
8380
10810
6672
18520
5540
3936
4624
228
2832
1292
16196
15267
19001
10131
7653
4243
4171
4235
914
15154
15824
18311
16989
5427
1682
6507
943
15105
378
878
231
41
4005
15433
2276
4094
14657
7399
14836
563
7047
8786
11436
108
75
11178
798
9536
6468
16365
15842
15421
2857
15812
1758
3222
494
4495
3380
17880
3617
6938
8309
17394
484
585
4035
2314
1170
915
2420
4086
15119
78
15171
2870
15442
5887
16308
2221
7252
6082
5080
8515
17715
4720
5978
6093
1942
3998
5242
2116
454
18286
16177
7203
7438
2340
2936
893
1374
1064
8550
4931
1802
8365
157
17184
5353
160
5290
4887
1949
5930
16797
795
522
7729
3235
4285
927
10061
15627
14299
2367
1781
1963
14341
6896
3990
15407
4531
16183
17530
10381
1434
16276
8010
7155
1
4347
2255
5704
16544
16464
4486
2554
12130
17558
7391
16195
3226
2760
8074
10276
14877
15578
16119
3932
17296
4343
16375
6853
4863
4704
21
10533
17031
8782
11409
491
15948
14234
6034
15296
16236
549
615
8778
4301
10473
5069
7283
195
18466
4261
8198
17487
5482
15633
8180
901
5523
8279
8817
18686
762
591
4327
400
15758
4276
3567
13969
12367
14302
2878
7028
8766
1988
14653
10697
14867
5086
5489
12
11053
1539
8178
18267
2587
18242
18177
7114
16059
891
1797
8762
19007
11609
17209
1951
863
281
3591
16826
14914
6941
14854
5601
6430
3043
7420
10830
8363
8838
2027
17016
1480
254
393
8300
4180
1714
13160
1146
6093
2706
3418
266
998
344
1416
18324
14707
7125
18724
11777
14935
1245
6012
9144
11914
404
16319
9842
3324
18958
6959
1717
5311
4062
326
12811
3979
997
17874
158
11308
15127
14721
17007
3337
5817
17525
17217
13544
1248
15668
5460
15966
7889
17639
9422
607
426
6267
8444
8775
15704
2579
4858
11679
3841
6046
7616
14794
13923
9932
445
1187
12413
1362
7773
6067
5113
7150
16986
9998
10666
2156
6092
20
2607
17216
1060
17103
18638
17258
16089
8824
16962
17507
5960
14741
7236
3850
3499
6881
8240
17125
8850
6720
14148
16529
2004
18819
2161
18056
6196
16982
17907
242
4540
10913
1025
8302
755
14229
135
3573
8193
4064
18949
6007
5282
2773
1052
188
5322
1890
7211
3789
16487
13893
6503
4900
7056
4422
703
2716
12686
5960
9008
7372
489
9633
2666
3225
9486
16241
218
1690
17207
2421
13809
3431
8749
4016
7713
1977
9622
5909
6126
4902
11088
6702
17986
16151
12040
4305
6385
5790
12908
9156
7097
1853
296
16325
12139
8506
1671
3879
8390
14983
18748
5300
7972
11942
8713
1769
5109
10450
127
12395
3896
633
882
14882
3135
6199
10480
1665
10125
8730
5768
7177
3016
3887
1770
6442
4818
8333
7691
10239
3894
16995
7377
1381
18646
4178
1835
466
5002
1968
17152
364
14262
12296
5593
8979
3535
18180
2244
923
5938
13925
12131
8289
859
1892
117
17702
8863
746
1693
7282
4177
12795
766
6527
4116
1688
1709
4578
18529
18690
11926
2599
6368
3465
2605
361
6603
2476
15903
2297
11439
4778
886
450
6394
1300
8093
11043
2596
7066
1723
9291
2787
672
14532
9713
15906
12958
406
8821
7670
1513
11945
11982
14780
579
213
5992
2588
6105
3803
6761
67
7977
4299
6183
7917
17757
14600
348
3977
9570
14793
18341
16536
17357
848
7949
8503
557
3439
1223
9084
1015
3584
2661
1031
4238
3312
7303
6846
17134
168
3113
18449
8200
15942
18802
6355
16779
14982
4224
11360
17964
478
4920
6061
4767
985
15731
2143
1165
8581
14360
16048
17332
4125
1002
16473
17164
5999
17012
8139
3391
5983
5664
12943
5073
1888
15885
7538
1008
966
6701
2628
5064
11404
13744
7214
7945
10915
4384
588
18387
2436
16512
2122
528
2202
4507
5006
13383
59
2254
992
7272
7316
18452
5067
7091
4685
2976
6856
541
11621
5240
9264
1797
6119
23
13957
7700
1741
6818
11957
1900
3397
8752
7925
6128
13069
351
2719
15686
18067
15269
1623
2080
17019
12536
3030
6456
15897
1716
16521
6094
74
4184
6900
13073
1310
17910
3283
4185
2950
15334
17151
18782
8367
3481
11443
7694
7699
6113
8747
3929
19010
15256
15203
6423
3185
15088
8195
7354
2276
1783
14844
2065
18418
1749
741
12502
1950
17748
14372
7148
17922
2452
888
7998
477
7955
11789
18933
1308
14635
1302
11658
7009
10809
18942
5410
10360
14931
999
18347
1287
4096
4849
889
13085
8069
4130
8258
17993
6726
1746
16107
15890
1963
130
7
12596
2315
2897
15070
18588
6501
5687
18372
16136
7210
5285
12600
864
600
8875
2053
4994
7293
17078
3995
6060
4960
6887
241
16873
6146
4015
16470
925
16490
6869
3304
6088
8471
5099
4378
4037
1062
18002
7345
7909
12260
4854
4826
6915
15170
4394
14823
4397
4039
8382
2623
4249
3475
5238
18397
15440
15832
8062
9411
7092
16205
12083
16994
17640
16975
15929
14264
1755
7733
3085
14921
10471
6671
3827
2451
8368
8309
1834
15236
3605
16181
16423
8500
9555
8325
6118
2768
3514
4551
7586
2742
767
8723
6783
16263
2177
1771
1828
9931
13354
5568
17460
7450
13226
3532
8372
11646
6412
3232
2113
1061
18332
2565
1683
10808
6447
7921
17565
6585
11861
2132
1680
15725
5456
7071
11923
10861
1015
911
5981
4101
16506
12255
6670
10155
5444
7096
6105
13221
342
14737
13933
9670
6413
9591
6115
434
8057
4207
1307
4769
17086
7975
14999
5554
18674
8729
452
3637
16905
16941
1916
19002
5162
4744
16289
5621
832
239
7712
500
16112
29
451
13289
990
5308
2042
1162
7366
3911
8097
15729
6187
18786
8346
16301
12800
1001
15793
770
7855
943
7216
6450
4199
17197
1019
243
16787
11359
4883
8199
13149
4460
8765
8419
12813
16291
2481
8379
4510
828
10955
12238
15447
1993
17378
11900
6343
17041
11887
483
2210
4714
9669
15921
6968
18351
449
3555
17228
953
11366
17513
5256
16163
1291
12501
8081
3976
3924
2458
1086
19012
2005
4664
749
11889
439
8135
7466
169
18234
224
10629
12462
4369
4034
5027
12566
11687
4278
14204
286
14939
8129
14388
3308
8603
14375
17131
7068
17330
5425
5369
918
3071
1772
81
16316
8588
6899
11429
7358
8562
17124
7121
5935
15816
6151
8051
6945
7149
10880
15951
8490
4675
142
15853
13022
492
7775
12816
15870
1132
8719
17844
17730
10802
464
14504
6564
15726
2556
7648
15043
18975
10417
2089
1228
258
6243
12090
4679
13334
5097
10429
7134
4027
275
17829
7664
8183
8505
11071
10044
570
7810
436
4051
4478
7552
2137
4296
8202
2313
11
204
9336
8554
15178
13895
8828
466
18070
2269
6817
17200
6950
1897
5888
2404
14603
17869
17154
7254
463
4929
10760
3936
12651
10546
8136
2949
18278
1681
868
14712
9424
10085
7500
4414
17000
14990
16403
8245
7253
4256
3833
5731
6787
15029
413
2336
4555
14809
16909
1169
8315
3243
6723
2022
6822
6819
3920
1740
6122
1078
7677
1706
15156
3181
13964
6493
5884
6958
9392
6239
96
5903
17673
8968
10430
12469
2538
7447
1054
106
8113
17925
16820
7923
4545
2896
4236
17745
1555
161
16830
7019
4132
5294
11373
485
11143
14923
10406
4697
4396
2351
17196
15917
14515
2942
17020
970
682
2943
3469
13966
12825
91
4370
10491
2324
405
4214
5354
17864
14057
4762
16418
4282
553
16755
14616
11343
2488
14370
14303
15585
8287
8410
10349
3277
17241
17236
10587
4053
1694
17871
4625
10542
10364
16880
8227
6138
2383
9514
4945
12468
17611
8374
1815
1820
2251
17642
12301
1157
16954
3158
4300
294
2867
18040
2178
14919
4278
2220
9685
352
18281
11132
2292
1715
16934
17803
9911
750
4699
1731
1696
2817
15533
13109
1349
2511
11831
8241
18420
4227
18504
16455
7454
8283
4079
18376
18100
11752
2879
6676
17104
5050
16256
631
8086
5347
2369
11093
8425
10076
10805
921
3077
16082
17850
6638
1210
1798
10174
721
4246
14345
2958
11661
10807
18728
18318
8385
1346
3194
7425
18046
1206
3087
1437
17197
13033
2040
5090
5910
8255
8047
14932
17941
6878
14672
14072
16248
14834
6796
7655
17374
11431
12417
8246
1014
16462
4342
14144
1414
10496
1352
1309
1342
6795
3323
5
529
17214
16410
6697
16752
18363
18475
5520
6389
10786
13915
1812
14829
1841
4444
7472
7544
11952
2147
15427
323
7085
16392
17522
14702
4341
9124
5198
6951
4511
8794
15646
7066
13152
10440
4127
11403
2679
10510
3107
14883
15950
1503
15675
17845
16379
1222
14614
8022
2204
1898
707
17936
159
18169
17298
17512
10418
9704
716
2288
3881
4201
2467
11262
6533
2496
5655
17269
2428
17270
3329
867
13944
7140
11836
16293
367
5952
1511
15851
576
7284
14567
15051
4560
6845
3938
584
3121
17995
7892
17389
18069
17704
8552
8432
4462
6142
17024
6152
6713
35
3338
9967
5589
2059
1926
4835
5152
7165
15379
10999
3151
14577
773
14913
17754
17013
14827
13045
1027
14350
2186
7375
8256
7100
8377
592
16843
14956
10361
6120
5582
15609
6285
6077
14885
1250
7311
16281
2378
1506
3880
2331
12180
18271
14756
7900
7740
14612
88
6594
3794
782
651
6162
13275
13528
7786
14598
5018
8404
10795
18600
7442
318
10746
1695
385
6127
13938
10737
4534
574
6540
15587
10134
7490
8184
16362
4277
17938
10953
5501
12926
862
2782
17115
11810
7411
8834
4643
16841
1839
3931
17113
15823
8502
2341
18939
945
5449
14104
7593
4618
6701
4515
4223
16562
9066
1188
17225
15596
15424
2917
6921
9483
18236
8004
346
7771
7727
15503
4442
15692
7099
13831
17432
1975
14874
14733
983
16966
17948
15337
8820
6794
4214
5454
1830
18257
4574
14298
7978
17944
16433
6996
10084
6170
11754
718
1398
17989
3788
2673
17096
7886
15895
4367
2396
15350
1141
9613
1279
3173
12371
410
3735
18435
15
12669
15408
6417
1265
14696
10662
2016
996
7970
6054
4008
1558
7813
3593
1328
4004
1344
18515
15810
7385
15490
2329
5265
4676
17736
10616
7145
5044
17178
8496
7629
2129
11124
2090
6211
17188
384
3149
1990
8417
2158
2505
17130
1197
8499
11131
8260
8340
7802
2182
2852
4247
10988
17444
2028
4028
8201
391
12183
6292
17015
9531
8456
9479
3228
9489
7877
16476
6081
8688
8305
567
6100
10863
8012
2594
17387
6453
18639
8350
143
4318
7073
15735
14925
1145
5035
8375
1208
5936
1705
16959
547
283
17084
2092
8344
18527
18661
1079
5111
15425
14998
3106
1767
7822
5364
5782
6883
2777
4076
16054
1247
6062
14626
4743
7467
8194
3811
6730
390
14260
922
18033
7419
7922
2168
14989
1842
9482
16903
1045
7584
1727
15310
18060
13274
16834
9089
457
328
16420
2630
8826
9525
4740
12318
4325
17142
7030
6835
4746
17733
7057
1562
6277
17002
7780
193
2078
1164
17179
3806
4032
8448
2583
6993
7421
16925
680
17008
10340
7318
18047
5461
10136
8015
6040
13542
7511
861
14869
18124
14965
10395
2236
8756
8654
2966
15821
4756
9056
935
3180
18573
2839
757
14336
6999
1119
9015
7965
15941
1495
7300
4702
1179
4140
14933
806
12446
8339
15246
17392
14049
7964
2921
2157
14288
17412
1448
15797
5041
6803
1997
15755
11701
17745
16437
15023
8112
18832
17777
5340
4429
6123
7040
14333
18294
7987
5717
2
6131
15414
7151
1686
14992
1893
13979
15059
6263
7680
890
8787
7026
8643
1298
1927
9545
8233
7806
6051
5189
8330
94
14123
16447
460
1336
2929
7394
17374
7027
559
1143
15452
753
12549
13329
4520
6026
3220
7843
1801
14014
884
16793
4634
1639
2618
717
6979
15876
2319
10082
10635
3355
14215
2409
2246
961
15383
819
7770
13695
8225
17201
11010
17819
10663
598
3948
16790
1278
4357
3818
3946
6777
3279
15341
17664
7667
5403
3984
7611
6902
7251
13551
18013
6405
8019
7378
138
8398
8189
2385
4696
4804
3697
6834
1491
2890
12412
17495
15234
2360
2842
7537
4398
17054
15001
6117
2797
17213
13089
8440
16652
11983
1668
12990
8906
772
18003
182
382
6349
4550
1724
3848
11130
1672
2215
15046
10940
16
1918
15780
8418
5578
6076
6906
4266
13480
17063
17560
8041
7395
948
12754
7292
1114
18181
18621
3458
2575
2537
18984
18107
16844
9562
15879
2172
17679
2602
1865
17535
18248
854
2591
1938
15093
3842
7281
9478
4233
7245
11007
11160
4390
17191
4190
353
16749
8083
1703
10851
17700
3877
5577
11091
12115
12570
12272
56
7657
14272
15173
914
7065
1023
11838
6149
1324
11423
1193
430
9653
2584
4255
15594
3140
3428
16011
5179
14436
5432
17203
139
6850
6967
16585
8409
15807
12278
1826
6460
17865
5606
6832
15877
5079
2054
12283
1129
8358
15742
8681
55
3954
16065
7748
15312
12995
6337
2918
1739
6174
2256
3188
11947
8302
8469
1684
8729
6033
8031
16217
4202
17224
12808
3526
11276
12626
17950
13327
1734
6363
507
13481
7039
18768
4146
17205
3473
17990
16249
126
2501
7549
17987
5487
4088
2198
16078
7264
292
14980
2843
15802
4656
17382
7779
6963
14489
3454
298
12051
7861
14926
4480
1922
8025
2266
18364
6069
7812
15122
1105
2031
3858
1667
6524
2889
4385
14777
13735
8798
2070
1556
4461
932
993
939
16041
5084
11745
2911
4513
14549
7269
7355
599
17390
16071
12402
16945
4459
4637
12638
7032
10079
14729
16998
11842
17485
4326
1189
9379
4155
10558
736
4686
4253
5713
3022
7417
6005
15114
4893
11943
15179
