8108
8312
2786
15883
6908
17715
15791
1495
1209
17271
4502
1623
591
395
7255
715
14527
12355
585
2202
6387
6678
12497
7799
16070
4368
5903
8021
6073
8261
10633
14159
2216
3004
6715
3551
1846
17983
3187
6174
16973
9582
4185
4254
1143
3697
14301
14901
5638
381
2989
4805
7680
7177
6153
1365
158
15589
16758
4771
7037
18763
11838
7056
6938
14590
1491
1672
7325
18657
390
6833
11454
395
15268
1197
3863
17046
6973
622
3132
5371
5926
14414
16189
1917
2245
15463
1361
17198
10598
2488
8026
4350
1867
14659
15084
6131
2162
18355
11407
15824
4860
11404
18565
4821
16270
663
5308
18710
4683
8530
4225
8592
6980
6749
929
8588
8412
5189
7421
2242
7358
14776
8689
8624
14608
1943
16367
5020
543
12040
16360
4867
8200
16319
3022
1827
17376
5071
8194
7316
12354
8819
3900
13118
2951
5397
14997
7001
18149
6967
16190
14733
4207
5465
3472
16781
4887
7477
15700
16920
5060
12667
6135
6975
3264
16297
11954
593
5082
12507
6860
10418
15798
11613
15687
5600
6958
7258
16765
12209
7372
15385
881
15402
11226
3820
6186
2571
12399
2420
3335
14015
13902
13545
17108
17522
10557
3047
12626
11399
10239
2080
946
8233
17996
6738
551
6107
7779
17006
16679
8180
4436
17808
17008
8289
3828
1740
12353
7541
3988
2149
1705
2782
309
6886
16102
9823
17986
3330
12379
14387
16330
3584
6824
10535
5238
1971
3016
15895
8218
6028
4695
3307
770
4520
1764
8125
1390
17481
3597
17071
503
17120
8181
17131
17141
56
195
232
4997
16091
307
7137
17645
15175
6701
15250
14941
14487
18407
14229
18235
1781
2575
15690
3227
3097
7479
6068
3056
623
516
16515
11071
16124
2515
3888
3530
4363
15528
701
6812
11862
18330
8828
3841
9925
16544
5349
1000
1278
16245
17813
155
1842
9836
8572
14874
14894
1098
18389
5114
1393
10085
13432
12562
8366
14884
10054
1213
7664
18438
8489
10088
7976
15080
15426
16359
14833
4165
690
12142
18415
6655
2807
10844
10769
8565
17857
6185
1291
1966
14543
9336
160
4250
18034
11062
17025
6400
14373
18345
17258
15646
1980
17054
3854
1323
8776
5073
18447
4242
351
4244
12678
7076
5409
6183
3532
18490
14961
17819
8595
5099
18325
7101
8957
5817
5283
3058
5312
18370
18361
3353
15513
5536
2569
15022
1140
10799
706
421
4513
2401
15245
11658
16172
841
6803
5043
11408
8020
18052
6364
15673
11753
9880
13744
7568
2952
144
2360
8638
1709
17679
2062
3372
5609
18982
16425
1727
10326
19099
11638
4345
2400
2288
8821
15941
17791
17202
8687
2609
6870
8341
7687
15581
4274
15500
17528
2705
1234
2254
900
3147
4271
9073
3579
652
17916
16278
14362
2623
13968
1554
10755
5876
1517
11940
10720
8016
11264
3113
8297
7621
117
18713
4814
4126
8820
8282
3165
5891
7855
11622
12218
18440
17902
14719
4337
477
18703
10795
2073
5660
7651
18033
16536
2443
17364
6057
10178
6979
8467
7590
5155
15153
8123
16766
8019
1380
5367
4208
8076
11072
358
1810
14186
2365
14290
3199
15011
5462
7956
11491
6660
7374
7288
9163
8566
9027
18613
7047
17160
11652
6209
96
8526
15933
14846
12409
11082
8420
2792
1116
16562
5533
18938
11569
9317
109
814
5499
14653
12920
18581
17935
2643
15643
8001
7980
6794
1350
1715
12675
2152
18090
3155
6787
1970
11296
3945
7075
11892
6229
18941
14912
10779
3405
16063
6802
4201
934
1710
7988
17358
10368
4124
15938
11102
3220
4268
4737
1305
2824
16107
18308
18449
5515
7378
2620
11352
5889
668
8409
14869
17123
7611
3462
5112
14989
4264
13737
6083
6003
15460
5633
8367
13383
11184
2839
4318
4386
11661
6729
1866
5639
8456
16840
9379
972
4554
14467
4211
5950
6856
5637
6483
8404
14862
2035
8354
3897
4427
4634
1774
17016
16145
17966
7287
11426
13326
7977
4650
14879
11052
18294
14460
3413
17736
8612
5496
17286
6600
2810
295
14650
13037
10044
7072
9586
5990
1198
8528
7573
5394
4409
16749
5034
6818
14966
11360
11977
6265
16954
2091
8375
2648
14836
8695
5675
15959
16832
4768
7053
8280
16415
6038
354
4765
2436
1892
714
7231
2896
15659
18425
1477
5198
541
18213
2088
691
8580
11759
14127
2715
4377
936
9433
6745
8310
8551
8564
8183
5477
10608
1673
8240
17170
5585
4926
11447
4168
16332
2460
8469
6060
4467
3007
3170
14841
4719
4338
16175
10595
18219
16019
2266
18820
11902
4110
12047
16112
801
14777
5459
8081
334
1216
3215
18757
14489
1352
7038
5693
4226
5704
965
15802
3486
8396
13344
3766
52
11520
361
2518
7402
509
16318
16082
2515
5650
18327
414
2825
2217
1968
15950
10475
8735
4266
4769
6988
10997
15880
18932
14277
10172
1009
11664
17713
17002
6290
18455
4697
5281
7417
11359
13236
18277
10863
1978
6137
994
15827
5035
4802
596
5453
5415
13755
11411
3316
9428
17514
1010
16864
17507
7537
2471
1022
14657
1188
1146
1181
11914
16902
18221
943
17377
5924
1561
11364
13980
14648
8350
7182
17532
8221
6046
6088
5902
6617
9525
225
3163
16423
4643
17519
3973
4019
11523
16234
7670
7539
13908
3844
4119
11060
3323
7673
14980
6800
3185
12726
14861
14883
17651
6002
945
2059
7031
17255
16935
6097
495
6922
8494
8316
16208
1797
5360
6796
1337
3135
11063
7657
16532
18726
11981
5336
2887
18022
17787
7229
14877
10697
7720
14138
17989
10327
2791
12648
11699
4277
950
12615
6923
12820
16542
4285
13638
11314
6921
13006
35
733
18476
10822
114
14810
13054
18642
6273
81
6001
16275
1003
2124
16099
14359
4777
2105
1082
7572
16048
7595
4913
16676
932
12315
14827
8313
14736
12618
11594
10174
18621
18617
7560
7334
6071
16933
18773
6454
8523
13814
4231
7097
526
5247
773
1375
14806
14593
17622
5299
4956
12240
15069
14246
2428
12468
6096
3149
2846
2989
7854
4243
15046
18177
8734
6405
4398
6100
2924
1162
16080
4486
4098
11544
6855
8708
1371
17725
16125
9385
3839
5260
7979
345
11887
15324
12099
270
252
7311
18477
17792
2605
16162
17195
5146
18692
424
16500
2438
8207
3449
18528
3370
17700
5316
5812
3202
1086
16888
7484
3196
1883
15704
16114
4253
17222
14880
829
2274
12524
18050
14506
16938
7785
7812
15163
2940
7814
17531
14346
11391
579
4235
13479
18701
9498
12824
4062
2220
14721
8105
1465
3905
7729
6625
16461
17830
380
2527
6507
11273
16777
16896
5342
6720
2050
1895
18329
6150
13884
8457
2561
15312
1668
17003
1739
14395
15467
16596
7087
2534
9147
2137
4340
13045
4223
833
236
578
4432
991
4543
8750
6685
16306
1787
15139
12976
2301
1491
8747
4309
9035
3448
17012
7191
6885
15002
923
1703
16
8574
10340
7397
3368
7318
8379
11788
17053
3502
11880
14959
12278
1385
8401
5105
1949
7843
4969
14424
1711
2493
14466
2427
17585
14828
5069
2158
1804
18724
7996
3915
6840
17331
4999
11845
14849
7959
13457
13873
454
17124
4157
5287
10082
6943
9420
3918
16884
8452
14643
1680
3034
19
4001
10915
11434
2758
3925
17015
15093
11951
4035
17201
1340
13210
495
8429
3396
5092
16447
14448
2016
1180
5156
2100
10381
6066
16827
6084
3798
4823
2186
2164
4590
15821
16755
8499
15651
1163
2262
4352
8437
7920
15499
997
15596
7699
15780
11405
1096
2338
17784
4190
2148
16809
2572
1018
12244
2246
10807
17533
2398
4025
8536
8250
1900
15006
4732
4330
10162
2951
14820
16981
1638
741
4475
8407
5376
15070
1896
4621
517
9903
15867
289
4141
6275
8427
1739
19175
15745
6254
6936
18384
8269
558
15004
15234
3938
6974
248
11456
17484
7893
4355
107
4360
1973
18253
15359
2270
4396
17283
3663
1928
17749
753
3415
283
1961
2044
3193
738
17018
17709
17135
5166
11908
2602
12039
3256
3017
18113
4892
8390
15065
3061
8455
2076
16960
3154
4182
7964
4012
5205
12346
13263
6614
2579
8506
15229
8079
17000
5038
984
5432
8204
190
16526
15616
8766
343
10355
1923
11373
6139
1046
6821
16807
14803
1344
5454
6342
699
3864
8533
7934
8505
2715
12825
16485
8291
419
14918
18336
6025
13348
13698
2172
14876
8649
12089
13937
5908
16081
3886
11944
8120
448
4283
5077
4289
8567
7084
7146
1394
12413
17938
8363
10654
3819
4053
13023
8182
18691
2971
16414
3517
3467
16258
4422
1057
2773
5210
2368
867
5310
1031
6054
18551
7446
13362
273
2789
7537
7506
2948
2079
3022
17993
4767
8117
777
16375
3341
16383
14794
3415
3358
7575
4563
1980
643
3870
7784
3627
14630
3490
4079
7007
3334
14287
200
8070
1457
13915
15875
15485
17560
3993
42
15193
16573
5648
15627
886
15370
18370
1199
8591
18550
8495
1272
19002
11888
13181
4083
785
10703
18728
8729
17206
15333
10968
13544
17223
18986
17404
3233
16030
8102
967
6116
17028
6593
2060
13542
14845
8796
6859
570
6385
6532
6977
17882
988
7011
4027
1558
4911
6333
8014
523
5275
1895
16254
18030
4961
7244
1024
13936
15536
12729
13346
15916
3404
1176
4252
6960
5467
3171
9403
18635
2599
10076
8749
18433
3086
8083
6616
4819
12348
2133
6544
410
15707
16964
2843
9998
9873
2640
4189
175
1772
898
18421
10333
7166
9891
3240
11687
18351
7536
17865
4116
14604
3161
4148
159
4415
831
4078
15178
17639
11012
5194
8029
14501
18199
779
3426
12970
571
722
2390
7065
3812
1670
1349
2125
868
701
8339
5606
1016
7211
145
6115
16353
10916
6665
15553
7027
2542
12222
11403
6548
7355
16407
18372
2130
1745
6680
1777
13069
1301
17598
4005
8240
17298
16511
17179
3288
17972
3693
17022
14637
4130
8279
2367
407
17176
6759
10201
18363
4730
17337
6514
5203
14336
8377
15917
2248
2079
449
6377
4202
7877
1700
11377
8069
10295
3774
17592
14826
1926
18357
8554
17442
18974
15686
11826
14429
17449
12606
4877
7766
2382
4321
2376
17632
1842
2574
12888
4924
6496
255
1494
4541
18459
2283
10760
13721
15394
2128
8263
7903
8642
11956
17399
14478
4628
512
4700
12529
7848
9879
4953
4481
5285
5399
16843
1870
10964
9986
17393
2391
298
17243
3687
9392
7246
17375
15493
6077
2741
17742
17326
288
8812
563
16989
14784
6141
18229
13402
7738
6813
8729
402
10801
3000
14890
6286
14568
8535
2782
16437
2276
1145
6865
1890
13794
2957
1383
16284
692
766
6352
15244
16747
16182
862
6658
15487
1683
944
17977
14621
19093
11093
3794
17386
13328
2285
1225
17229
14818
8419
3444
14999
8022
10967
649
7973
7330
5478
2852
6676
5177
3211
11048
10430
3238
12993
5037
2394
4463
9679
3275
5106
5358
14713
7955
8352
5713
17133
5887
631
18484
14857
13678
2330
5268
2628
17477
2481
995
10098
6112
275
16161
15039
9712
966
7946
8406
4313
3216
16995
5078
2232
11765
279
1793
751
9608
3175
8071
7035
7116
15508
5539
1767
5586
17866
17821
1412
17624
18589
17573
3191
4804
15415
10150
17546
13281
12748
912
4555
9808
8372
12669
9453
1693
1696
1247
7599
8570
5967
310
4580
893
4345
508
15951
6091
1554
15811
153
13357
8798
9360
8073
7594
11708
12846
5059
576
3946
4177
10909
1122
2520
4270
16177
4859
15688
1947
4445
138
17035
5582
14934
9769
9805
775
16985
1275
10590
4787
11775
216
1518
9192
14947
16121
6674
17759
1869
15150
1315
17657
18764
16519
15509
18286
14117
14834
12635
795
7121
6105
8732
18396
3489
18212
5808
156
4175
4654
37
7125
10516
13932
219
6292
9921
4551
5001
2333
7975
130
4505
3853
7144
4138
3391
8402
589
4097
6067
3858
11929
3361
4028
3169
6366
14317
14568
5113
17228
10247
6850
6768
8454
10252
18441
14391
12718
7263
746
12488
8629
16869
433
13090
709
7268
13650
8439
665
14990
12587
11645
8327
7712
8547
17957
4433
4994
375
4412
7217
10012
16853
853
3139
2891
2919
6654
2167
6877
4112
8063
2297
1836
12780
17918
2573
1339
15812
18303
11890
6673
1749
10309
834
983
4186
2306
14748
11318
15739
4048
4306
3109
17482
4492
2921
2015
7333
14250
7098
6302
18493
15749
13940
13527
11943
3280
3134
8213
878
15525
7190
7942
6679
15735
14586
13921
17599
796
6321
5219
2797
6178
6941
5546
10746
17470
6711
17400
18958
3684
3555
9231
7809
10802
6904
10440
16772
17048
17509
5571
13938
4191
17816
14178
1309
8333
14484
828
16217
9576
14926
2837
6000
2706
5445
6547
409
17382
17547
7465
13089
892
2620
4217
1874
3501
2299
222
9939
11278
15896
4122
4383
10011
14664
3893
1731
7312
15954
14799
7254
15159
10001
9522
110
4736
4671
7774
2414
2223
4255
2386
952
2175
13595
948
8423
15799
7895
5907
13226
2013
13883
1063
14219
1479
14627
18720
11208
15532
17884
15174
925
1104
7252
12022
4441
16400
16243
15419
7936
10362
12187
4275
5593
3466
14981
2135
4343
6670
17209
14
18309
14364
12448
8246
8007
1636
7359
11957
4331
6935
17662
18496
16673
15879
2050
18695
14944
15534
8539
5271
14982
8109
915
9959
15684
16931
18822
3481
10466
932
12317
2368
15521
7945
14847
6263
7149
2869
7709
6225
9548
7117
14600
2915
4336
17285
17163
8782
16131
7224
9564
1966
15406
6908
16796
18316
387
11889
1713
16
3494
3566
18854
18529
17379
12956
7830
6360
41
1733
6837
3282
4858
17701
2673
3019
3159
17207
8383
6686
9563
534
2337
1803
13618
14371
6245
17172
15602
953
13985
7085
7969
9568
478
8055
17197
17182
2036
8671
1861
12356
18154
3867
12326
250
2439
4474
15679
5315
977
3402
7828
5461
10796
6064
8235
7347
882
1141
3787
11402
9950
1015
18754
5406
11770
1698
15212
5710
2253
8348
6970
14322
6952
4327
1977
1898
1201
7045
11859
7251
340
18265
15360
5731
6566
1893
7826
14249
5616
2881
17720
3779
568
5196
16889
10566
11782
680
4615
16733
7909
4918
18332
8042
17512
9411
12238
17717
4180
15748
1688
7260
2662
2137
3771
2615
11739
4597
4027
7965
5277
755
17433
10140
4280
13235
15935
18288
13917
13719
5206
8615
15921
4061
2379
10165
412
5121
1908
4496
21
16371
969
17025
4132
6488
3150
7389
17892
4169
1362
5178
2037
112
18631
15271
595
16135
8844
7464
7802
7352
3604
1131
3228
18648
7888
4620
3930
4501
19003
4018
7756
6725
5671
435
13296
16946
12554
14623
7199
7234
531
3818
8395
15979
15007
16142
2546
14309
6564
17760
16868
3311
9158
16580
7967
14644
2453
8091
10218
2923
7930
4674
2713
444
14773
4468
6983
14505
13950
1922
15158
8189
8769
10666
8751
13609
4473
7838
16072
2083
13229
7021
584
18463
17967
17944
4069
847
1779
15693
3062
14991
535
16146
781
8106
430
140
2183
8691
18429
16244
2039
17023
5372
7419
3790
913
7219
750
1988
15436
16175
5212
875
4174
3416
7308
6721
5026
7303
8836
2
2908
7213
17197
7939
11918
6252
14741
6527
11539
10587
17672
15554
15050
1120
17174
14610
10446
163
3272
18940
329
4576
4325
15276
3337
3966
3023
17410
2781
5434
689
16540
14532
5420
9695
1507
6368
16534
4246
7566
8384
6857
14350
8099
1242
12611
12801
10106
4815
12220
1189
18064
18244
8405
14635
6165
9733
8443
1217
911
16216
6417
8017
7316
7230
6637
4726
897
18315
10131
1514
14929
14822
18604
1499
7740
1434
4582
4386
870
4233
7677
12363
17001
5355
1828
1841
3648
6978
6246
5021
15497
6732
16202
9124
2751
1017
5321
18122
4625
17851
138
10998
8135
14198
16159
3336
8394
2276
6039
2549
9938
13795
18543
6831
15
10259
9833
14778
17856
14802
14780
4185
14272
1102
2063
6460
3011
18124
12514
6406
17010
7004
5598
2778
15314
3267
3216
7307
7912
2595
6122
15856
15157
5001
13605
2950
12926
10188
776
4329
376
4487
2027
13196
4852
7510
7509
4395
11621
6285
1925
8757
3935
5252
8653
15168
1382
6844
18639
14580
6173
13694
17534
5083
14952
3436
2985
5472
11396
2969
16954
16957
16035
4515
15709
2139
11675
17162
7030
18373
450
12256
16987
11637
12899
18026
8850
19118
346
896
5024
1823
3049
553
4603
7615
1267
4249
14224
8417
16983
4301
8659
2161
9071
1687
15043
8051
8190
5171
10847
551
2157
7241
6920
5525
907
1053
4106
4527
18855
1775
16769
2429
8041
7204
7727
11143
1308
12810
18990
5290
4743
11662
227
8719
15618
2265
5969
3048
8285
7432
7804
3306
2542
16012
8208
18766
12771
7736
6592
11711
5220
10864
4670
18201
6298
1504
574
167
1891
12555
16831
13385
18427
7915
2250
7037
10784
11350
76
1429
8618
18537
4457
627
8040
14971
8103
7211
13964
778
7941
5117
18497
2246
16269
6501
17922
2500
3285
9240
11747
67
7885
13997
14878
14956
7040
15712
14723
15177
11442
7157
15203
16834
6543
2432
19094
11395
6146
11016
8286
3301
16546
16863
413
7943
1512
14668
2703
11988
4911
885
6103
1937
5686
2995
6075
4293
6664
17880
1967
1445
17391
14051
14278
10357
8458
19114
552
8438
18466
14447
2324
18942
17030
8368
10618
14616
9370
548
7340
18453
703
15219
3838
17736
10794
15258
6605
11843
15582
8670
211
7901
10370
4059
17806
14390
10857
873
466
1123
408
8209
8226
6706
15218
16779
13183
10805
15637
16756
635
217
17107
383
18248
4354
467
269
15122
8500
601
6456
2944
587
859
137
6761
1316
2067
9465
2590
14972
14175
11501
10204
1771
15316
5248
17891
8387
6086
2056
16856
10940
7737
11437
11175
7331
16776
2155
17007
1357
7245
8320
4534
16303
7795
7947
17777
15580
2742
6094
2998
2587
17464
1675
18473
6423
3998
3791
8411
5217
6095
7847
16354
17480
15029
13656
3496
8752
6473
3877
16008
18159
5010
3845
15685
16397
521
14091
5075
672
4247
10487
8451
10104
9259
6313
18376
5522
18399
7660
14161
1226
5368
2392
8034
7883
10
8073
17224
281
2078
4648
5257
6157
6298
14967
489
14679
6825
10619
9577
10485
1379
6228
15773
3547
11171
14165
8633
964
10155
17869
10184
16328
4305
16552
5278
17553
16761
4756
14927
14789
15496
15088
1212
4406
8756
11393
17329
12146
5888
8193
451
1681
10164
10288
12165
5610
5270
5227
752
7918
5346
2503
3232
2714
8442
14400
5229
143
1676
18125
17673
4811
3549
11719
15731
4998
12785
12285
16594
6302
13682
208
14245
5673
17587
5387
10232
11784
15310
7563
4673
267
821
1831
549
4283
17366
1409
7093
19104
8177
14100
7684
3203
16382
4291
17047
18004
3851
16260
17681
1814
7724
8701
3229
8561
14028
2250
17257
9670
12732
14370
8419
1730
17072
3430
18705
4544
4275
14104
17542
8255
13470
10762
1798
12131
3260
6151
15662
5910
14264
18282
1274
8492
12314
9482
2258
12164
19
4695
6697
594
2878
4722
8172
18686
2208
13971
2596
16965
14550
1256
6880
7418
17346
6220
5288
11301
14704
13865
169
1482
8485
15472
9557
13302
3884
474
11686
11204
10770
1254
1991
15919
7690
2268
17125
16221
2584
1159
10698
7350
16775
15830
4151
17097
15864
464
1113
2563
2851
12586
7524
8104
4499
7538
4992
16141
1485
12698
4357
1
4706
16348
15441
4919
14718
3251
12789
11936
7733
2363
8234
2522
711
9606
7399
8201
3997
15091
480
1816
7032
2340
8765
6211
18998
15698
671
1957
2462
12229
8465
5548
10377
8634
13310
12117
5327
14953
10898
15902
18474
4052
8385
3089
1374
10136
8330
17334
2482
1812
4136
808
5884
3590
6852
7375
7523
4560
11397
7801
11587
3384
14435
5068
15401
1008
7989
2423
19014
11388
651
8620
2182
16851
4990
10914
16314
6902
18623
18780
5068
1310
17432
8064
5095
914
2666
7683
17822
8490
5638
15772
843
6070
15757
4584
1723
18024
14649
6040
6468
8211
13954
8029
8132
18391
939
2319
1723
17447
18620
6130
16283
726
323
791
8307
14190
17764
993
7232
861
18252
2358
2592
17840
6937
14149
6766
17203
2459
6227
12685
2122
12139
2580
4084
6790
3801
3924
405
5657
11215
16205
7793
8004
18021
7247
4776
17066
12005
13160
6470
2511
2427
7368
14663
12721
2537
11343
17718
16986
17139
15751
2876
9111
490
7839
4437
108
11579
13442
14610
864
182
15379
5558
767
4004
2576
4972
874
15247
3793
14273
8342
8097
3968
82
6926
15620
11730
1866
2638
16998
4459
1858
15672
6764
4478
17186
17911
6656
2707
8030
4141
1962
15818
7103
15286
5021
17191
15186
17270
4214
1057
14599
2129
17590
17304
16116
2393
1681
17024
937
10963
7781
300
8158
15027
14300
11422
2787
437
3976
11447
5456
14477
9545
10396
7163
6080
13406
7577
19165
5014
12711
7366
8444
6948
17842
14787
2304
8302
15832
8220
17444
17344
284
6466
7039
9309
13948
8253
3528
14197
6136
1667
14421
5030
6725
8197
6133
320
7267
6682
17147
1997
4785
16979
2149
3419
13832
16085
1452
3279
14595
11307
2329
7114
560
7296
3882
17093
2966
7867
4362
4137
8237
240
15624
8178
1897
2591
16658
8496
7769
17961
7212
15356
12906
2387
8287
16300
10999
13400
2406
6872
16195
6074
4120
5357
2726
8532
432
18541
18431
505
14717
4220
17226
1115
6819
17100
1741
15759
12327
8978
8289
7880
18671
18346
7351
15224
4555
11166
7003
5604
2404
2241
11765
17801
6913
17044
3293
12746
9156
988
17188
797
7591
7354
1062
17389
8256
17381
1951
5669
466
4402
938
5965
6626
11446
8050
1725
4545
8783
14162
10279
1834
6846
1921
3181
1662
2457
1998
609
16033
14232
15622
17766
1119
14222
6533
11855
1916
4959
6901
16921
8778
16914
16962
5036
7083
2082
15195
7655
4688
7990
5883
2174
17019
245
460
6190
2866
12997
4684
4241
2626
14211
12427
1473
6114
18287
6613
5614
4089
8343
296
5556
4414
793
6037
18197
4617
10534
3744
7346
8272
4142
14537
12612
11903
4610
745
6438
6954
17883
1280
18292
7089
18106
4716
8696
11091
2021
14105
6052
15202
8008
7825
17250
14793
3600
6912
11435
178
17151
5662
11949
2419
8817
771
10055
1649
18515
7726
2341
4970
747
4637
4204
12813
9929
15152
943
728
18470
772
6461
16479
3868
18331
2578
14208
17682
14205
7396
151
5946
1756
18045
8023
4968
4733
1505
2927
985
15612
16281
8175
6838
6081
8337
16589
2025
5292
6355
14695
4536
8621
5290
8531
16877
717
11439
6972
4000
7371
7233
13506
2736
15682
3970
901
14795
4668
3904
15284
7949
18531
17116
8331
5945
17240
9449
15059
12150
16823
11031
1002
10094
12446
18784
2676
9506
17945
8243
14626
11654
5925
7773
3312
10528
17963
4104
4359
4076
78
3283
7320
15459
653
11197
15587
1513
18409
18111
2257
2389
1515
473
13907
4156
16186
4392
16345
3439
18079
9716
7792
6890
18413
6059
5340
7681
16978
5921
2467
10533
6322
2052
15295
13110
15125
10953
6895
14935
5537
11366
2049
4721
17205
12674
1036
11126
17398
17387
4282
18458
2397
18935
10234
10139
5952
8362
5202
16220
6917
11752
8474
4300
12314
6891
18475
12385
1722
15272
5221
10730
8960
990
17155
4853
16829
8124
12264
12940
12275
12802
2282
3823
3859
16212
1519
8410
5291
7282
12011
4198
17718
3788
5154
792
18367
3352
14256
16028
13931
5646
7758
5192
18944
8322
3473
17864
15425
8721
4583
12769
16347
7345
9555
547
1023
12541
10674
8473
8195
17296
15638
7703
17452
457
6327
4850
8031
10828
8359
17051
327
6929
2081
9775
1862
8012
17233
5961
15182
1804
8397
3526
7377
3690
16204
2344
17306
18098
10546
10408
2655
16184
8390
3896
9825
12951
15801
2350
3118
6076
3810
18818
1387
5331
5909
16671
11
16473
16468
3235
1185
2818
1290
4143
6196
3417
14910
8613
7094
8508
12474
7099
6102
502
8445
16991
1100
1324
5223
8054
18522
8706
4101
7732
6339
14215
7415
12546
14633
14675
4067
13198
2750
4263
13958
4159
6263
7
482
6751
15269
4065
17990
15816
3611
661
17633
9457
10898
18096
7671
15239
8398
3544
13010
16105
10123
18432
5134
2012
4826
16819
962
8277
6718
5354
5414
3783
3146
5696
4290
15888
4271
12296
4550
7515
2043
2794
18042
4685
10803
8082
15238
18498
4266
1187
3359
9200
2478
3107
15490
10468
7283
202
120
2565
2473
6719
7470
11021
8399
1714
6371
15808
6683
1755
19010
15131
198
10774
1014
7133
7776
550
14614
16906
4408
18973
3338
3090
15555
7694
6161
11948
15137
9843
10974
3298
10114
7744
14690
13934
3480
12755
8713
6767
4469
4158
14881
5427
17383
7197
7937
15626
15681
11467
6422
7096
12499
1508
2278
11646
17634
3944
18950
4088
12383
2808
6757
11036
1029
18179
10432
12790
8667
3451
2665
15123
11921
14504
719
17997
360
7376
2113
18857
14262
11906
1498
13018
13928
7240
126
18547
5747
5273
4660
17644
15282
14081
17143
2209
18005
12410
3421
3785
18381
17140
6330
7364
18101
10809
3021
17605
8066
1762
1799
615
6168
6807
15192
16617
17278
6492
2717
12159
7919
11304
11837
6439
3936
400
8498
17047
14333
12160
11064
14992
811
4479
1304
1708
6801
10255
3522
749
9007
14491
18422
16886
428
3769
12151
5306
9957
17752
14406
17685
1788
15929
5564
8534
6069
8906
9272
18072
14212
2136
2842
14594
17814
2331
996
14749
6149
4230
11250
14230
7447
3172
13275
5408
4152
11828
17513
1849
16967
74
7074
7338
18479
14513
6701
344
2159
3053
16839
3002
1006
14863
2567
17211
4
9852
15870
11479
2006
8002
15956
10810
9372
17338
18019
511
18311
14767
13997
8381
4809
4766
13627
16433
4681
10086
88
2215
10361
4237
1013
10718
6376
14476
2504
5864
17885
7821
17103
3894
7749
12599
5877
1265
6853
17848
6126
3904
3518
6878
12033
14950
11043
14658
4979
8062
17702
18041
453
1422
7403
15846
6915
17178
14141
736
6748
2273
11432
1136
17254
15729
12083
4763
13272
14140
17233
6
4442
352
6209
14694
16163
13491
13926
7299
1241
7891
1938
6252
6723
13245
545
14214
13
14624
7321
7253
1486
2192
17485
186
3908
5457
15833
14919
677
5124
19087
4166
12136
1059
1307
1692
9633
3012
2837
7161
11010
6861
961
6170
9207
15012
17214
4902
14319
4891
6672
15538
13898
9368
17419
9569
6245
293
7700
364
2670
17475
1148
7438
3324
2556
11429
12301
2502
8849
7972
6109
7025
1342
4789
940
11087
5093
2140
17168
7963
15668
1660
1742
2417
3943
6143
399
4134
5353
4068
3364
1416
12042
5380
3795
370
13264
9967
2002
4698
18523
16136
7270
2045
16917
5088
17867
15366
6126
11355
14267
2747
7319
60
11660
18444
927
4462
16549
15692
2066
378
16785
8308
11182
8112
14796
14949
14882
17256
7545
7875
6762
3222
5999
14572
11160
4587
6875
3
3772
9524
3937
4507
1496
4294
4558
18340
7200
2996
6924
13975
3295
3340
14266
349
18956
332
16932
17594
16132
2374
1955
2645
7055
3914
6092
11947
2165
8777
1432
17828
5120
379
3180
16833
16086
16148
1050
13969
18225
7957
7813
10861
5971
2447
2594
13329
15844
618
4793
15140
249
11356
16994
16529
17109
18397
9088
18028
4419
15478
6120
3892
3103
5729
13993
1360
17502
3768
15803
9
2681
7816
7757
2366
2505
17955
7920
17428
2023
3003
18646
10266
879
14607
4365
14516
8440
3182
6283
5
2669
9425
389
999
2967
7656
11090
4675
2859
4883
6621
7871
7043
14074
18318
7269
9935
14133
7239
8768
17422
5549
4761
6534
3965
18452
8818
4155
3865
8244
14811
4385
8005
6581
7203
7321
4178
5501
18472
17877
5960
5377
15227
9528
1808
713
6394
3967
17427
1348
17928
1999
2353
5719
7874
3001
3895
1780
18651
16420
9092
3756
8723
11007
18939
18420
6007
7770
2917
10711
17181
5386
3270
8720
674
9902
6851
891
17405
17314
14303
15469
4315
5335
6272
1493
7822
17216
15228
846
16326
7881
16356
11540
16263
8196
1738
18516
12116
18965
5460
10594
14831
914
3985
7122
14943
2408
8394
7513
4870
17942
17745
6343
8504
723
6933
17942
3318
18865
9487
18349
5925
6799
4894
12196
3236
6662
2143
17056
12968
11798
12091
4239
2247
5133
18267
6602
7528
9981
8511
2796
1223
13969
7921
18015
18232
9434
1155
7960
5261
3847
5621
3514
16213
16945
10962
1651
17134
564
1250
16111
2900
12686
9097
17245
12285
10033
5554
12194
5018
12051
7057
6609
3777
987
64
3913
17947
4344
17323
15876
11744
17577
7384
8635
8775
3887
18386
6986
5489
14495
546
8268
16442
18483
1825
2942
1398
1168
7070
15375
7667
14915
5444
2195
2156
1646
6684
19100
314
15179
18560
7361
13354
5231
17603
8072
29
7810
356
8515
17219
3320
16993
9863
7672
4212
8661
646
2932
9903
238
8076
6950
6622
7152
12463
14933
4346
4679
14598
14520
5930
8804
17396
17698
4601
10808
7504
8010
17580
16858
17043
14293
1905
14851
16083
15441
2071
17654
17776
3920
15368
3124
2857
488
4261
7277
3327
15171
429
17362
17987
26
17933
7608
4188
6100
8186
2765
8833
10007
10283
6889
7582
13634
8739
12607
2177
17189
14403
5941
7429
5498
12114
14729
5960
7192
16071
11626
5393
105
4332
16069
4797
7393
12990
3177
8034
2102
3989
16101
10797
1530
4517
17371
13782
6093
15172
17204
8231
4390
10721
7966
8229
15924
6519
53
8169
6113
12048
17920
4682
18555
13340
15440
1516
8636
14597
586
18362
12
1717
2047
15321
6880
13360
8868
2256
16291
1720
2899
2004
9172
6119
15590
717
13541
11625
1439
7921
18748
3112
16238
14931
1174
7889
17333
16454
4358
507
386
17999
15907
11556
4240
7223
14867
13038
17090
15573
1013
3901
16051
15677
14707
10341
8516
7054
1778
8602
1851
2914
17091
18203
1706
4452
15347
2206
1753
17017
15125
3100
1562
4123
989
2813
6835
18387
3948
15663
17876
7768
18039
17302
4307
15699
15373
3681
1882
196
15477
391
17982
8560
15716
6235
1487
15644
3080
11635
15717
888
18730
6308
1986
4588
7870
9662
5179
3241
17846
15571
15076
8
3924
18060
12537
6847
2937
2369
3071
6586
5502
8484
1384
7293
7463
5746
2069
98
13522
1237
8552
7420
7876
7771
18169
15775
9842
1178
10514
8965
6111
5931
12461
2230
8249
4528
16949
13831
6953
2286
4595
14640
15183
4573
17735
11875
7894
7302
5356
170
8200
13161
4273
13021
7805
7073
6363
7786
18718
8755
16044
8507
17185
13923
15337
659
17637
14753
617
335
4297
7292
5388
4511
11389
14771
9653
637
17836
18930
4267
294
2184
6712
14754
2933
6140
17469
6964
14492
16127
7391
2795
10465
6504
973
4322
17660
16237
2959
10942
18223
2087
7071
17934
18675
4060
5009
7982
9882
14699
1721
9795
935
10522
10370
14144
2058
15072
17194
324
11777
5711
2744
8386
17115
18417
7707
6155
10913
6867
2198
18173
6971
5066
13330
7908
8257
16982
17879
3560
2642
16194
15689
1950
10811
7394
17597
6881
720
16253
15194
8645
1821
9057
1556
266
1555
17941
5169
632
920
12055
12321
16820
5595
17085
1533
4404
11348
173
8110
4341
7916
6026
1356
16313
13480
17171
2559
4460
7900
9878
8774
1964
17351
3156
4974
2347
16608
8699
6707
11410
54
17730
2000
7820
15094
7286
415
7807
4636
4224
14873
6907
7285
16357
10270
10087
7913
4504
3225
5720
3857
1372
539
13418
6078
5046
499
794
14573
72
135
5067
7264
1292
406
16439
10052
2551
2702
10969
13939
17200
8258
426
15236
11394
2588
17613
12795
1529
12878
14046
18949
16652
2950
3434
6618
6211
7624
7068
1221
17330
17949
3879
7150
231
1019
5617
3475
326
3995
7147
18086
17335
18509
1249
2728
4800
17998
6728
463
5309
14661
18242
6815
1255
551
4461
4279
10479
718
7176
5151
2671
367
4641
2034
8145
14800
15548
6965
6271
6063
8688
3360
13588
18663
347
8270
606
11133
16183
8562
3110
3925
11088
7961
1976
456
18070
4444
14752
15881
14288
7998
6349
16787
18250
8361
1763
6167
12120
15792
18404
903
4284
22
2413
7898
8223
11414
8334
8714
3331
8299
16248
16555
16531
14879
2821
2983
3827
1351
7835
17144
34
10747
11189
16966
8329
1769
12943
18271
5410
16368
4008
1459
17450
18264
8032
8501
16941
4483
17055
6786
8834
462
10744
1047
4614
8222
11743
6569
918
12797
7092
5218
4775
396
708
500
7143
5550
15264
6162
4567
2295
14353
2907
10254
8920
12512
17060
8374
15161
6453
3005
5062
17529
149
8626
4629
7731
4276
7834
15804
5108
2292
4353
16872
17287
374
15734
6034
4817
15102
9637
1230
16959
9390
1289
2535
14819
6939
1346
2890
18001
12657
16502
3469
348
13945
4831
14756
2772
16276
4236
2431
6390
14985
5300
18260
8309
11713
6585
10628
12046
15863
17582
10688
7559
6925
15579
6651
5540
14705
1475
6132
8369
1655
12659
4380
2583
8052
10701
12744
1027
7063
7832
7951
19103
799
6832
9542
695
15205
3808
648
2501
11942
14018
15807
1228
6053
11682
12054
3815
13149
4498
17620
7439
8878
8309
14113
18482
9967
1686
385
598
16241
949
4566
10276
2181
4194
14419
8940
5232
2141
1617
15568
2635
4262
2768
9940
7139
16927
2026
7586
7214
2127
12468
7171
14875
15836
15032
15133
16517
7898
1472
16996
8136
17561
18403
1375
14969
18436
8070
1805
658
17639
12085
16570
17773
15738
9175
1208
15763
13156
2249
13985
18556
15810
15586
11950
1989
2166
14654
3095
9844
1736
2352
12613
14691
8380
15725
7534
55
11809
18069
6820
4081
8826
6987
4710
5127
277
18411
11105
11809
7236
290
11996
36
3188
17441
4372
16897
8513
297
13022
3799
18580
17146
1846
1246
5801
2586
17980
2051
16908
5240
5652
3122
1311
11044
5881
12596
4480
5383
4458
6316
10548
18666
2023
10893
2841
12677
6432
4093
14076
9180
12637
13576
5456
17199
18959
6224
18314
7954
10876
6905
154
1287
7887
16990
14928
7520
16088
3195
931
3317
4711
2447
13312
8984
11881
8358
4055
768
18467
16894
14688
16912
14925
479
5768
7754
4522
2424
17784
15596
8219
9419
7309
9713
3106
3981
2313
7095
18103
1164
12903
10700
2196
9345
7210
8095
1757
6739
5443
4866
4645
8426
2897
8959
11009
15733
17705
12457
9263
6012
4874
3850
7803
2023
17912
3557
18269
7864
15118
14305
14902
14735
12423
17556
5361
2581
2901
16358
1298
445
979
17064
15607
17505
4413
1622
342
10636
9206
2064
17217
12774
12302
392
2065
1179
5587
16977
10858
1719
6087
17937
8379
17119
18443
1845
2494
1758
4374
15585
2018
10543
4087
224
7185
13589
4602
4163
14979
14368
10407
4927
7462
2107
9656
8203
17593
2930
857
14835
5402
8288
5979
7917
957
1695
8134
306
1954
13205
633
272
15828
6305
3934
11735
1193
8078
5528
2433
417
1005
3885
15983
566
12119
3828
2007
12982
8668
6615
1079
16311
1650
1826
6726
8365
3767
4035
2090
14843
139
8811
3929
16451
17757
11941
1666
16893
3299
6089
6742
10342
16458
3009
15064
18994
8487
2388
6056
18003
17881
176
10388
17013
17781
17521
393
8428
8512
6963
13933
1807
9661
10632
5452
3970
14656
13338
8763
15788
7311
10125
1425
15037
12135
4835
18669
18770
10400
47
9352
1468
6630
7579
1303
2281
484
9989
19000
15838
6110
15074
228
3330
8641
3042
18380
10530
2694
1787
14909
1001
17137
8475
404
17180
14893
8807
15246
12556
7066
6989
18974
4054
854
4145
14071
11945
15100
4305
6450
11737
17227
6913
1458
9628
15870
2678
2912
2190
80
12784
7148
17726
6524
9996
756
16595
2416
2234
18047
1388
2080
5520
6336
8202
11585
12531
8121
13219
7424
16911
7456
3087
17571
8700
1302
8461
12840
7922
16774
4064
8669
4557
4553
18236
12663
7026
18275
2009
18460
2883
16934
8335
12639
3605
2010
2946
12130
6401
7600
11170
13003
1312
5699
5017
2230
4220
809
9570
15442
6735
7661
15082
3498
7411
10892
16331
5449
15211
1679
2027
15127
12796
14698
2321
650
10862
3326
11679
6005
8795
17068
14850
8643
8108
15307
16593
13961
7348
7436
5255
17658
6535
2316
14681
12063
416
14070
3226
18053
13209
8832
10687
17038
17788
17169
6160
16231
6896
1049
4690
3123
5199
16487
5482
14438
15364
5391
8301
3956
8787
2770
1015
5042
4950
2894
16862
8660
15742
8573
172
13298
16891
18263
8710
6985
3310
11858
12077
2089
10583
4171
4071
3271
15533
16293
5601
6826
1391
15358
18067
17009
4986
9788
7336
8319
11305
15516
16165
10305
8127
5363
18552
4762
5065
9433
7178
8059
14311
2974
11046
13741
17058
7694
358
16681
5080
4934
5914
16507
8639
2701
12727
8393
17412
6138
716
447
17237
17392
309
13206
4082
2904
6417
16104
16943
4516
15025
17625
103
9530
2618
6814
14807
4781
6326
17164
1838
15948
6266
15981
7648
18715
18625
592
11131
15388
6619
1795
8245
17733
3951
6869
4032
9889
15720
17378
14450
18228
4153
8267
15853
16239
13066
12975
12908
16015
5254
14275
12601
1920
16196
18800
8366
14022
14824
6777
17535
7414
13204
8241
12800
6611
522
1183
5783
4334
1772
14534
8314
16120
8548
2178
8647
18674
6573
2040
15998
15452
855
11670
11099
4447
11337
9757
15760
7362
3313
18654
7218
600
4872
127
7313
8113
559
95
6845
326
7348
6877
18600
18238
18278
2147
6888
2516
4401
18941
12830
1724
10662
7201
17110
6773
4366
4666
13953
15861
17269
7314
75
5176
8402
6623
7806
1219
5019
3990
7780
3821
10707
1125
5592
434
7970
4702
1873
4540
2591
15756
17059
17318
4704
7365
1051
6940
819
2028
4215
4154
16793
5173
7140
188
3252
8206
12577
8581
2918
3274
4750
7294
16011
11125
1716
3176
5265
1165
12707
8724
4937
8323
577
3519
2221
1328
6154
118
1089
9235
6795
2126
6966
4324
6899
2607
4034
13033
4728
4820
19089
16366
2629
16475
15397
15112
8037
9476
17212
7363
3948
1899
1090
4125
4199
10908
7435
17394
3910
2103
3920
7388
2525
17946
3927
6043
13960
7581
4316
1767
5118
3030
12180
6381
17699
6883
18304
2188
7067
4117
10395
10702
3953
1114
15111
8748
18653
2517
13415
9313
16635
16001
13108
7994
4140
3429
17353
7271
16325
17602
2827
527
7478
4265
14252
17837
16042
7221
544
7858
9813
12425
1752
8281
7562
8415
1963
4973
18359
7404
15240
19012
14809
17506
4609
2394
1194
10460
1559
1975
3824
18393
17604
18058
10097
2813
15402
8432
1760
1261
7392
3347
9931
16948
16490
3873
5944
15942
17015
15476
1048
12736
4839
4798
17020
205
1118
884
13662
2554
7500
14329
17753
13584
6640
4849
4923
15003
8839
2142
14304
4524
13530
18305
7987
17850
3959
17130
14957
7281
575
1078
4980
13955
206
18659
17431
17086
17187
5701
5109
17305
5279
16209
4051
4418
910
7472
17268
13177
1830
14758
16961
4397
1783
17782
7262
3881
2992
14296
4543
4878
1083
11816
15842
17374
168
11620
1322
14788
15365
18094
2293
6414
8813
15085
1364
7437
9971
16178
17855
10988
12115
16815
3164
2197
5511
3770
11409
11754
10018
16280
16992
7174
14343
3432
5347
5294
8737
6128
17558
10694
246
1218
8170
8176
18110
12230
1222
2513
11308
524
18027
17262
10729
14701
17530
483
4510
8074
8631
8541
2496
11663
8654
4604
8047
17239
8760
18302
597
10391
8786
7289
18746
14823
13716
18371
13906
4227
14331
1276
5264
2054
583
532
1995
2123
259
5664
5905
3576
12620
16198
17301
5194
244
3158
8999
16374
15481
9028
4981
17238
15826
12129
6293
5725
14294
2547
692
2492
4841
17070
5538
16939
1671
7177
14376
4686
2936
9658
7242
2022
8509
5448
2418
7259
16482
1677
848
1909
8199
6992
10922
16627
3399
15180
17729
7715
5578
10845
5302
18777
17082
17177
954
16797
2118
5390
491
9868
5501
11107
7189
16315
1064
14060
5810
11644
5508
876
16848
3842
754
4665
906
12770
1800
6750
14965
18157
9103
13391
3955
8486
8742
17247
7992
17126
1488
18597
2325
9447
2114
17390
504
6346
9838
899
8707
7235
301
10933
14914
3333
17443
4400
14240
5404
18553
1853
1492
3194
14817
17385
6791
6285
14917
2093
3133
18281
11701
2113
12988
4843
8227
14976
6996
18054
6085
3870
12517
14678
15940
1737
5131
6993
5218
17433
16876
2564
18445
14134
16976
16164
13919
16188
1707
6897
17215
18274
494
3861
3542
18778
14405
15906
16321
11195
7155
6145
4577
599
16232
128
7424
2456
3475
5091
4731
6489
12672
3332
8305
14339
8803
3091
8863
4428
764
15701
805
1277
4506
1126
4569
10686
15104
1244
7310
14895
6633
1288
1004
17438
823
16379
18699
4905
12206
18055
4715
2115
7042
2856
10220
8493
6810
17913
17166
7971
9397
5735
18011
3964
16181
5040
12056
1887
10424
872
5613
1531
10572
8382
17812
4219
10737
5048
15871
9291
187
8300
5487
15633
10493
16104
933
133
16227
6142
91
14087
4466
17284
7200
11114
5922
16859
7323
455
218
6247
15813
15603
15408
1054
2340
2810
8103
16491
11640
10286
18000
16340
17193
6959
14842
8503
15328
12319
2960
18414
7044
11779
2470
4661
16033
17129
3387
13924
15257
439
4612
771
10510
15544
11841
7935
1859
9066
17184
14715
3907
3077
4770
16075
2638
11812
16508
2421
4391
12792
7300
4238
14768
4687
705
292
15462
1697
1945
16968
14617
18514
2899
5988
10236
5458
328
4982
10471
10084
17649
2458
852
3979
17750
14226
1541
17234
4127
4484
5906
14580
998
11851
9513
12205
7104
16076
14078
10399
15903
1982
40
2150
7999
7036
16043
8835
18588
14798
4039
1694
12424
17421
18352
18382
5503
13461
7227
213
4342
1480
915
2649
13685
18196
15126
7151
2326
13965
1171
10851
16412
12811
2005
17832
6638
12316
844
17
18469
10003
2284
7747
14889
4094
8015
14320
3484
17992
14844
14388
7775
3984
3420
9065
8370
16306
7329
12681
6746
13879
18258
13069
16151
15156
13327
13930
5642
8003
15062
17537
411
17970
16810
8418
10635
15852
1691
18465
2779
1287
17692
18690
7142
6568
5245
10615
406
16134
8314
4205
3661
6949
3339
6296
7165
7567
16918
11757
17380
2619
4680
12502
3791
12178
863
9032
18645
7722
461
4714
5215
174
2502
7441
3064
7272
11788
9961
10317
1169
17142
5968
17774
2555
12258
18505
1688
11511
767
16266
647
3880
8814
13026
4173
5437
17221
17167
7006
11836
4259
8129
2452
860
17158
1145
5425
14614
4942
6771
8726
1028
2491
6736
6827
890
3800
3764
12990
17023
2153
2169
17409
2207
12915
10398
7050
4701
7691
8242
11425
2046
7765
3581
5681
7135
4689
6051
7466
14945
4022
15563
18134
4598
14837
10849
1204
7457
2194
1717
8057
13269
4575
2826
17414
8709
16506
3982
10250
2889
5724
8550
8247
18933
4548
7297
6944
15500
17758
7415
7385
7170
962
2596
4696
4709
15797
14031
10804
13441
3569
17224
2269
8860
17434
12191
2042
6584
11014
9781
1731
1665
12280
14812
18171
18010
626
7723
7468
10010
15741
4741
2809
10890
15433
7356
17909
12168
12272
18307
11741
2357
19065
3626
5440
15237
14790
1041
1404
611
4333
6994
14297
1061
7332
8304
4339
14712
15023
17241
16757
1919
7653
774
2033
1407
2833
10310
5992
3682
1160
11008
1284
18626
10767
4571
6187
16924
17279
8694
2861
682
17953
17138
5915
1021
12273
13332
17629
970
191
727
18418
6134
9730
6152
9682
2832
1802
865
4086
15185
4147
4312
17988
7016
14996
18378
6671
12281
1510
3972
1865
8006
5524
7505
13519
14905
6123
3932
6887
17995
17627
5228
11256
14341
8858
1418
17804
7196
3143
8011
6817
8114
15155
16970
1274
3304
17122
18430
13189
18870
5193
15413
7386
14251
7205
1012
7173
7102
6939
8996
9398
17985
2211
10561
8571
13894
6946
3518
16179
1877
16790
7634
4326
7861
7540
2351
9297
7527
14609
16880
16261
9819
1965
12735
8013
12753
4221
12413
1801
476
10227
17080
442
3593
3139
6783
5424
2120
18504
17081
10056
8480
4616
412
4193
3780
7544
19001
52
887
2166
3493
17360
12544
17559
3814
11608
4914
2383
4221
9318
15367
4384
11325
7426
4531
6146
2622
10308
14234
16170
5983
6099
4720
17589
9330
4123
11416
13345
2815
1505
8044
8376
17243
4073
5148
3045
7914
14834
8824
17429
14259
1248
2644
12653
1245
6481
18779
17609
9416
19013
6990
17430
12644
13725
13751
18227
3231
4658
2070
3114
6447
16373
7293
2570
8238
7626
17818
16225
16240
15022
18378
17361
11946
18193
5253
11326
4613
16463
16289
6479
7100
3386
7902
7962
9803
6429
18100
10014
157
15344
17458
16846
17129
17486
10806
6216
14098
12848
14711
15407
4260
5890
12435
5804
9739
11309
18082
14048
4251
6968
4825
7991
2185
3465
17796
8304
4131
8251
3806
4397
14922
2372
11048
4308
17514
4754
16288
6410
190
18637
1448
1560
5224
6876
2057
6597
17607
4209
17795
5240
3478
16670
2879
4203
1444
18559
16752
15148
14302
384
15990
16900
3807
16418
4024
7336
17259
17910
16022
1684
16166
590
1268
1690
4037
1820
17924
3145
1682
17862
7985
18365
2160
8815
981
15147
1500
7578
17570
18863
2180
3380
241
7145
17349
17878
3131
18448
17196
2236
8603
4056
7495
12406
10871
4232
7716
2243
9800
1265
3826
3801
8608
10228
11401
17802
6788
12107
15519
4303
17756
9697
3553
7206
871
18350
4627
14709
16784
16056
2224
16479
16600
8093
7697
15113
11433
12204
10443
7735
4854
8027
14651
17868
17347
6442
17294
6125
18013
10028
4014
20
4016
992
2590
10034
15572
4409
10564
6249
8780
9741
17328
9619
13396
10025
1958
1240
603
1892
1643
14994
11026
5552
7090
5023
7058
11923
1030
2978
8216
1105
1689
2201
7650
492
14742
14964
14535
9962
15346
18607
8179
5802
2385
7521
16748
446
6765
436
18323
4465
16133
5984
4676
16873
15708
3607
15429
8230
6822
1129
12684
3458
13417
3184
2906
11113
16392
8932
2205
1912
921
17871
7317
2153
13912
11609
2530
17712
9340
5129
8088
2334
15817
14977
2562
6675
341
427
877
14174
4292
8823
1644
15109
4664
2454
15457
7486
6612
16885
14260
4995
440
2828
18662
7995
14829
5589
6911
17165
10349
493
4375
9848
14195
16304
6795
1414
4365
1553
17367
6816
16759
8697
6058
8260
2911
15060
5284
17761
15857
5090
16428
851
15851
5428
4893
4278
11431
7015
6879
308
1052
17225
14632
7790
15910
6106
3591
3094
7935
11904
4599
4727
2974
6389
15162
3431
214
16974
18084
1210
6962
15885
8185
960
8712
2633
8462
14751
12118
7209
12043
7305
7019
16808
4214
16579
6931
7257
7494
17161
7328
6882
5269
11503
10077
530
17096
6475
7713
16256
7706
2077
15298
3797
16103
18955
13966
18733
6842
16257
15154
8031
16236
3816
17299
1704
16065
4699
13900
6319
681
8038
10575
17754
16907
18577
18289
1674
8538
8556
18546
17870
5569
5620
1474
266
8253
15807
11755
3999
5246
10051
18836
15047
17899
353
16016
18863
8068
17900
8623
8554
17476
18374
7585
3911
4256
8061
14702
1124
16467
18057
9541
1130
11995
11963
2251
16323
239
14908
1993
14731
9292
3243
3803
14993
11089
3085
616
4596
1071
5568
4744
6730
1669
235
7126
18107
3912
9415
3922
15562
17936
4347
18234
15890
18364
8800
18181
10843
3776
10065
7637
1770
18667
12946
3074
9253
7851
5158
920
15470
5878
1170
4778
9811
11135
15718
10269
16464
14173
14860
8060
14237
12816
15210
9515
14356
18799
6836
17678
17145
14073
2339
14444
17948
7482
895
17925
2296
8682
17397
7608
2867
5132
8225
14676
8702
1428
6769
6909
5056
1839
8715
14932
16936
5344
17828
748
968
16804
17190
1279
17746
17692
7010
17295
2315
7134
14713
8514
1797
2430
16249
2367
542
8491
5242
13081
485
6127
4367
9574
18146
14785
87
7879
16582
2210
9963
749
1333
6834
5485
16157
2949
8632
1353
7857
10972
15256
13648
11006
16228
18424
6435
6061
6563
8472
5915
243
1150
6033
7968
13956
4019
3537
2681
3782
1972
15403
185
6692
2291
4288
14808
14877
4244
17874
1811
12402
16483
3975
7250
15029
14939
13459
14464
15081
38
16294
452
6118
1774
18609
4394
7467
17027
5680
89
3860
11317
15297
4818
9187
4519
7940
4383
17844
222
12441
6184
13430
18056
14099
2606
4694
13621
4096
6864
15793
11155
14672
6387
9391
8325
17800
5551
7808
3977
569
17019
7400
4791
3140
12701
18917
18093
10116
17626
7359
7580
9949
18509
6722
3971
10996
762
13114
9932
4321
8077
6608
2690
8764
2132
2543
14342
3961
12361
10672
2817
14904
4876
885
533
13093
4630
1107
10450
17104
12434
16140
4184
5667
5904
16440
3811
13145
6932
106
18989
10897
8617
7168
5067
6906
3778
9532
13644
2441
3378
18584
1837
8189
806
10473
1543
5886
11787
15010
129
4585
17021
12019
2986
4579
171
8292
7228
13079
5677
17345
2451
4195
12351
6121
7153
9994
7428
8730
6951
3954
18254
8065
218
743
8542
975
2874
2735
6092
18576
15892
956
14821
7471
7569
7488
1942
6713
12498
15414
6011
8794
11562
16778
602
3116
8453
501
1497
7425
9665
14610
3882
12437
8214
14603
16455
19010
16942
2214
5418
14037
4533
2442
7748
14797
1735
16041
15319
6082
6050
1376
1437
1511
782
18044
12417
4642
19097
4041
17651
2848
10070
17918
1149
10332
6734
8463
4746
17213
6129
2204
7878
1951
4319
12020
3646
7290
16521
3833
930
8212
16446
5004
8425
11680
6117
7433
8553
17218
11069
15105
7565
2187
951
9422
16268
18937
1826
18108
6186
9831
