1210
7371
6705
8553
15488
5258
3351
6090
15494
165
4271
8814
16259
17298
14995
864
190
17982
584
4996
14842
17609
1724
493
13358
7711
8
278
7077
5370
1093
2190
14035
3212
17937
14186
7318
548
18034
4878
17114
889
1706
6770
426
8403
11966
4479
17159
6512
5332
8452
17718
8022
2566
1920
713
5459
1125
18693
2226
1680
11753
570
9025
6104
1053
6132
11431
9818
441
15808
1756
8226
17196
1059
5437
13313
7347
15990
10510
17585
5079
7439
1769
1958
17295
1714
7768
3857
1703
53
14902
3250
18658
13637
18188
2180
4221
1457
6151
1975
3785
1814
17124
16841
4130
4205
2185
6172
12846
16455
2042
4338
239
1667
4051
6070
14043
6423
4577
1227
11231
2870
8444
1510
6744
7955
3457
4228
18444
8249
3894
15663
17013
7229
6910
1029
2324
7840
16911
900
17164
17949
17761
6524
12218
1021
2118
8353
8514
712
7526
8786
15118
17044
7092
8760
4155
3307
8462
7825
10880
17138
11836
11679
16086
5469
5162
11536
12082
1348
3112
6384
4162
12273
8999
1684
13727
8573
5517
129
6259
5611
6671
5220
5976
11837
2375
5395
7090
358
6979
11404
10831
17697
8138
551
12059
14190
6707
8208
7422
14744
10795
16191
4046
2256
3474
14989
9905
895
18585
486
13604
6622
9841
7396
14879
414
1808
10138
11423
345
1315
18446
8639
17235
7447
1664
6502
16481
4527
4142
3466
6382
6043
7326
833
2455
17882
10690
6258
5317
17784
14961
18002
1702
17559
15238
555
6952
2158
6438
2779
51
6895
17
4306
904
14306
18666
17435
1015
1279
16217
13067
11969
18403
6405
6148
7828
12630
6771
1982
11705
11663
2975
1890
17240
15142
11952
17572
759
9758
6802
17397
579
7810
14738
2441
7849
17066
2387
4032
1132
7975
8817
7151
4333
7774
16348
14623
1789
7026
1549
976
3981
14980
1084
9681
8472
18639
15698
3282
17429
8281
7664
4016
17306
596
5594
6880
4677
865
7876
509
692
992
17484
2018
1994
7560
18985
2236
17035
4723
4235
9630
4698
7149
8314
18387
993
12796
5260
15807
6005
14037
4641
6925
5039
2138
18
5940
15490
15756
5345
1727
1797
2477
18647
4785
5085
17180
2890
15165
8319
15721
15104
6678
15578
16261
18354
2503
17408
15220
7066
3995
16872
4037
17179
7289
14769
1244
6285
275
3815
17589
16438
10455
17798
8500
2120
9937
18197
3106
210
8041
1256
6221
16147
7030
2554
2416
6114
17728
4899
1307
8832
17216
5462
7286
1414
6611
4104
18472
16228
17009
8436
8061
5453
1344
1367
175
6967
4874
15857
4744
689
5138
599
6013
6122
16463
6089
2062
4236
593
15902
7140
8417
6917
434
11346
13958
4638
1705
13198
9489
240
7888
17190
16932
999
5217
7790
2622
7802
1047
1260
7270
16607
3452
8305
10915
16978
2654
5424
7693
4137
16103
6759
791
298
7321
3230
17375
15823
924
2244
3042
16780
5035
1514
4275
8318
14945
12930
10507
3496
1499
16179
3324
1215
8383
2222
6899
4519
128
12344
7195
2574
16130
8123
16987
7669
4464
8635
3009
4202
1704
2919
7233
1349
18110
15738
17944
9761
12
10877
8499
1000
2186
18572
10762
17990
6972
3819
18245
13937
352
6428
12698
3300
754
4648
4218
8261
14445
1474
1673
18338
18611
7069
351
3436
14876
11360
2358
1986
541
4467
14281
817
17354
8382
16284
833
8643
373
4156
56
5979
326
16893
3176
15694
7425
1861
3859
2643
1808
14819
2780
890
15456
553
10808
5083
172
18311
2141
364
1709
4230
14683
4415
5586
2910
2092
16102
7037
8195
8188
17345
18476
6237
17018
10785
6907
1219
14293
3010
10467
10217
4377
16425
1652
1010
2949
484
15540
4270
5570
1164
6083
3964
9422
384
4190
8748
15377
2431
1892
16236
6184
1328
3810
4599
8190
5911
14611
687
125
2030
6322
13121
7866
18622
18100
6287
7279
953
1922
11088
12332
1014
1519
16962
14882
648
7958
3193
15367
3943
4359
17184
1145
13516
6117
3902
8017
2535
971
15342
52
1129
18425
13944
6729
6309
14679
7989
14821
400
16981
7252
3485
15833
12775
11810
18042
7329
30
1795
9349
17860
32
655
17224
8552
7076
5090
1701
4762
10914
4251
5957
377
14227
16941
2262
726
2409
15060
9664
950
17256
7381
6818
7214
11780
6274
1868
308
14513
6517
8829
12164
4798
3217
14872
11759
4536
1292
18989
16921
1234
11789
12921
15979
173
16011
4257
3907
6168
2380
13332
8620
1004
1764
1485
8259
1742
14
3331
8764
16320
17796
5694
4722
14951
1209
259
10806
3920
1905
15851
2283
3352
18292
9998
6998
14412
9743
21
15233
3240
3341
16945
11114
2220
14860
1427
12482
17864
9625
7023
20
195
12296
5910
4238
17592
3574
10337
207
6748
16
15127
7572
602
17197
11411
1683
947
15362
7390
6033
10196
3142
7043
5277
504
6851
7631
4793
2160
17893
14701
8175
10587
11407
5934
16199
1556
17641
15842
394
6625
18882
14851
6970
16474
13045
8306
720
8541
7265
14231
8631
498
10240
11724
6105
7209
3094
7202
4152
6571
18505
14451
6807
5352
18361
8057
4285
18010
5603
6186
11838
6195
13496
12623
12860
18090
4402
995
12606
17193
16798
4459
1327
9706
747
7311
5558
3490
12869
4242
8711
820
405
1089
206
4370
6238
6022
7698
9419
8369
4324
2554
8238
17394
2027
874
14568
2404
1270
249
4255
16819
3945
8709
7441
6416
5356
16223
8439
7814
6338
12903
972
8975
12906
2859
5577
11097
13761
11754
18747
10327
11370
7135
12302
11932
232
5306
269
8996
1174
17978
12568
10861
7340
5297
4679
14229
2342
702
7931
6366
705
7299
4545
2974
14657
15530
4604
7505
18379
15214
6906
216
4254
7095
16446
306
11439
8409
18087
17158
10641
2546
3960
15032
4993
310
4209
18271
14952
4350
